ФИО победителя или призера
/ ID участника
Класс
участия Задание 1 Задание 2 Задание 3 Задание 4 Задание 5 Задание 6 Итого Статус
Хакимзянов Ильдар Марселевич 2 4 10 17 0 20 0 51 Победитель
Хмелевский Максим Михайлович 2 5 6 17 0 20 0 48 Победитель
Еникеев Кирилл Денисович 2 4 13 8 0 20 0 45 Победитель
Главатских Виолика Игоревна 2 4 0 4 15 1 17 41 Победитель
Савицкая Таисия Владимировна 2 5 0 0 0 20 15 40 Победитель
Карпов Леонид Владимирович 2 0 6 14 0 20 0 40 Победитель
Полесов Кирилл Алексевич 2 0 0 17 0 20 1 38 Призёр II степени
Новикова Екатерина Валерьевна 2 0 6 0 0 20 10 36 Призёр II степени
Кузьменко Кирилл Максимович 2 5 13 14 0 0 0 32 Призёр II степени
Антропов Иван Константинович 2 0 13 17 0 0 0 30 Призёр II степени
Веселев Алексей Павлович 2 5 6 4 0 15 0 30 Призёр II степени
Егорова Марья Евгеньевна 2 3 6 0 0 20 0 29 Призёр II степени
Фозылов Далер Манучехрович 2 5 0 4 0 20 0 29 Призёр II степени
Федотова Агния Евгеньевна 2 5 6 1 0 15 0 27 Призёр III степени
Давыдова Александра Евгеньевна 2 5 0 1 0 20 1 27 Призёр III степени
Васильева Юлия Антоновна 2 1 0 17 0 8 0 26 Призёр III степени
Маракасов Денис Николаевич 2 5 6 0 0 15 0 26 Призёр III степени
Жраков Мирослав Игоревич 2 1 6 17 0 1 0 25 Призёр III степени
Выголов Егор Сергеевич 2 4 6 14 0 1 0 25 Призёр III степени
Долбилов Егор Александрович 2 4 0 17 0 1 0 22 Призёр III степени
Емельянова Виктория Сергеевна 2 0 0 1 0 20 0 21 Призёр III степени
Соболева Екатерина Андреевна 2 0 0 0 0 20 1 21 Призёр III степени
Соловьев Владимир Ильич 2 0 0 0 0 20 0 20 Призёр III степени
Тайлеб Майя Мехдиевна 2 0 0 0 0 20 0 20 Призёр III степени
Бачурин Николай Дмитриевич 2 5 0 0 0 15 0 20 Призёр III степени
148731 2 0 0 4 0 15 0 19 Участник
Итоговые результаты
заключительного этапа университетской олимпиады школьников "Бельчонок"
по информатике
2025-2026 учебный год
68951 2 0 0 17 0 2 0 19 Участник
130131 2 5 13 1 0 0 0 19 Участник
107718 2 3 0 0 0 0 15 18 Участник
136548 2 4 10 4 0 0 0 18 Участник
122292 2 0 0 14 0 2 0 16 Участник
128697 2 5 10 0 0 0 0 15 Участник
117399 2 1 0 14 0 0 0 15 Участник
112162 2 4 0 8 0 2 0 14 Участник
150785 2 5 6 1 1 1 0 14 Участник
147273 2 3 0 1 0 8 0 12 Участник
131214 2 0 6 4 0 1 0 11 Участник
123987 2 0 6 4 0 0 0 10 Участник
106686 2 1 1 1 0 1 5 9 Участник
156558 2 3 0 4 0 2 0 9 Участник
115807 2 5 0 4 0 0 0 9 Участник
154511 2 0 6 0 0 2 0 8 Участник
110837 2 4 0 4 0 0 0 8 Участник
117853 2 3 0 4 0 1 0 8 Участник
160569 2 0 0 0 0 8 0 8 Участник
117698 2 0 0 0 0 8 0 8 Участник
145240 2 0 0 0 0 8 0 8 Участник
117486 2 1 0 4 0 1 0 6 Участник
125427 2 0 6 0 0 0 0 6 Участник
129088 2 3 0 0 0 2 1 6 Участник
150724 2 5 0 1 0 0 0 6 Участник
135578 2 0 0 0 0 1 5 6 Участник
133494 2 0 6 0 0 0 0 6 Участник
117846 2 0 1 4 0 0 0 5 Участник
110860 2 0 0 4 0 1 0 5 Участник
155038 2 4 0 1 0 0 0 5 Участник
128289 2 4 0 0 0 1 0 5 Участник
128709 2 4 0 0 0 1 0 5 Участник
94204 2 5 0 0 0 0 0 5 Участник
115617 2 0 1 1 0 1 1 4 Участник
109993 2 3 0 1 0 0 0 4 Участник
148915 2 0 0 4 0 0 0 4 Участник
156347 2 4 0 0 0 0 0 4 Участник
139247 2 4 0 0 0 0 0 4 Участник
133718 2 1 0 0 0 2 0 3 Участник
139022 2 1 0 0 0 2 0 3 Участник
60450 2 3 0 0 0 0 0 3 Участник
153349 2 1 0 0 0 2 0 3 Участник
156578 2 0 0 0 0 2 1 3 Участник
156490 2 1 0 1 0 1 0 3 Участник
146919 2 0 0 1 0 2 0 3 Участник
118978 2 1 0 0 0 1 0 2 Участник
149562 2 0 0 1 0 1 0 2 Участник
116585 2 0 0 1 0 1 0 2 Участник
124956 2 0 0 0 0 2 0 2 Участник
110679 2 0 0 0 0 2 0 2 Участник
121796 2 0 0 0 0 2 0 2 Участник
133014 2 0 0 0 0 2 0 2 Участник
75390 2 0 0 0 0 2 0 2 Участник
74977 2 0 0 0 0 2 0 2 Участник
157603 2 0 0 0 0 2 0 2 Участник
153652 2 0 0 0 0 2 0 2 Участник
146278 2 0 0 0 0 2 0 2 Участник
155748 2 0 0 0 0 2 0 2 Участник
159997 2 0 0 0 0 1 1 2 Участник
154284 2 0 0 0 0 2 0 2 Участник
156253 2 0 0 0 0 2 0 2 Участник
118721 2 1 0 0 0 0 0 1 Участник
137951 2 0 0 1 0 0 0 1 Участник
156748 2 0 0 1 0 0 0 1 Участник
148189 2 0 0 0 0 1 0 1 Участник
100445 2 0 0 0 0 1 0 1 Участник
153998 2 0 0 0 0 1 0 1 Участник
159677 2 0 0 1 0 0 0 1 Участник
163574 2 0 0 0 0 1 0 1 Участник
119051 2 0 0 1 0 0 0 1 Участник
149111 2 1 0 0 0 0 0 1 Участник
134206 2 1 0 0 0 0 0 1 Участник
128977 2 1 0 0 0 0 0 1 Участник
154387 2 1 0 0 0 0 0 1 Участник
140485 2 1 0 0 0 0 0 1 Участник
112736 2 0 0 0 0 1 0 1 Участник
118186 2 0 0 0 0 1 0 1 Участник
152781 2 0 0 0 0 1 0 1 Участник
131346 2 0 0 0 0 1 0 1 Участник
154298 2 0 0 0 0 1 0 1 Участник
156496 2 0 0 0 0 1 0 1 Участник
112494 2 1 0 0 0 0 0 1 Участник
156906 2 0 0 1 0 0 0 1 Участник
157147 2 1 0 0 0 0 0 1 Участник
158672 2 1 0 0 0 0 0 1 Участник
67463 2 0 1 0 0 0 0 1 Участник
141904 2 0 0 1 0 0 0 1 Участник
135076 2 0 0 0 0 1 0 1 Участник
146332 2 0 0 0 0 1 0 1 Участник
148493 2 0 0 0 0 0 1 1 Участник
120331 2 0 0 0 0 1 0 1 Участник
163099 2 0 0 1 0 0 0 1 Участник
157531 2 0 0 0 0 0 0 0 Участник
136621 2 0 0 0 0 0 0 0 Участник
117021 2 0 0 0 0 0 0 0 Участник
116107 2 0 0 0 0 0 0 0 Участник
138093 2 0 0 0 0 0 0 0 Участник
124289 2 0 0 0 0 0 0 0 Участник
156605 2 0 0 0 0 0 0 0 Участник
158835 2 0 0 0 0 0 0 0 Участник
111103 2 0 0 0 0 0 0 0 Участник
157667 2 0 0 0 0 0 0 0 Участник
151028 2 0 0 0 0 0 0 0 Участник
158362 2 0 0 0 0 0 0 0 Участник
152790 2 0 0 0 0 0 0 0 Участник
154150 2 0 0 0 0 0 0 0 Участник
122602 2 0 0 0 0 0 0 0 Участник
154461 2 0 0 0 0 0 0 0 Участник
129882 2 0 0 0 0 0 0 0 Участник
124087 2 0 0 0 0 0 0 0 Участник
121362 2 0 0 0 0 0 0 0 Участник
137896 2 0 0 0 0 0 0 0 Участник
138844 2 0 0 0 0 0 0 0 Участник
128678 2 0 0 0 0 0 0 0 Участник
129271 2 0 0 0 0 0 0 0 Участник
142655 2 0 0 0 0 0 0 0 Участник
155526 2 0 0 0 0 0 0 0 Участник
111810 2 0 0 0 0 0 0 0 Участник
145278 2 0 0 0 0 0 0 0 Участник
111115 2 0 0 0 0 0 0 0 Участник
159029 2 0 0 0 0 0 0 0 Участник
133560 2 0 0 0 0 0 0 0 Участник
144340 2 0 0 0 0 0 0 0 Участник
145189 2 0 0 0 0 0 0 0 Участник
145539 2 0 0 0 0 0 0 0 Участник
106040 2 0 0 0 0 0 0 0 Участник
144631 2 0 0 0 0 0 0 0 Участник
151460 2 0 0 0 0 0 0 0 Участник
154634 2 0 0 0 0 0 0 0 Участник
145612 2 0 0 0 0 0 0 0 Участник
120613 2 0 0 0 0 0 0 0 Участник
156404 2 0 0 0 0 0 0 0 Участник
139315 2 0 0 0 0 0 0 0 Участник
111617 2 0 0 0 0 0 0 0 Участник
115168 2 0 0 0 0 0 0 0 Участник
147043 2 0 0 0 0 0 0 0 Участник
132891 2 0 0 0 0 0 0 0 Участник
113618 2 0 0 0 0 0 0 0 Участник
126250 2 0 0 0 0 0 0 0 Участник
117997 2 0 0 0 0 0 0 0 Участник
143570 2 0 0 0 0 0 0 0 Участник
147044 2 0 0 0 0 0 0 0 Участник
156713 2 0 0 0 0 0 0 0 Участник
150266 2 0 0 0 0 0 0 0 Участник
150972 2 0 0 0 0 0 0 0 Участник
131629 2 0 0 0 0 0 0 0 Участник
157776 2 0 0 0 0 0 0 0 Участник
150273 2 0 0 0 0 0 0 0 Участник
143465 2 0 0 0 0 0 0 0 Участник
159071 2 0 0 0 0 0 0 0 Участник
128515 2 0 0 0 0 0 0 0 Участник
145159 2 0 0 0 0 0 0 0 Участник
147088 2 0 0 0 0 0 0 0 Участник
Рубцова Дарья Юрьевна 3 0 0 15 12 11 30 68 Победитель
Шевнина Анна Владимировна 3 7 0 15 15 0 30 67 Победитель
Зыков Иван Александрович 3 5 0 15 15 0 30 65 Победитель
Новых Владимир Александрович 3 0 0 15 15 0 30 60 Победитель
Кияшко Варвара Евгеньевна 3 0 0 15 15 0 30 60 Победитель
Деревянных Андрей Юрьевич 3 7 6 6 15 17 5 56 Победитель
Ганин Яков Дмитриевич 3 0 0 1 15 0 30 46 Призёр II степени
Сибагатуллина Нелли Ильшатовна 3 0 0 15 15 11 2 43 Призёр II степени
Филатов Ярослав Евгеньевич 3 7 0 15 15 0 5 42 Призёр II степени
Платов Лев Ильич 3 0 0 15 15 11 0 41 Призёр II степени
Гончаров Сергей Андреевич 3 7 0 15 15 0 0 37 Призёр II степени
Бобров Роман Кириллович 3 7 0 15 15 0 0 37 Призёр II степени
Нестеренко София Александровна 3 1 6 15 15 0 0 37 Призёр II степени
Андреев Даниил Иванович 3 0 0 15 15 0 5 35 Призёр III степени
Гурина Анастасия Алексеевна 3 0 0 15 0 0 20 35 Призёр III степени
Кецба Кирилл Андреевич 3 0 0 15 15 0 5 35 Призёр III степени
Ковальчук Роман Витальевич 3 0 0 15 15 0 5 35 Призёр III степени
Кудрявцев Юрий Дмитриевич 3 0 0 15 15 5 0 35 Призёр III степени
Богатырев Савва Александрович 3 0 0 15 15 0 5 35 Призёр III степени
Шедько Лидия Андреевна 3 0 0 15 8 11 0 34 Призёр III степени
Хайруллина Сафия Альбертовна 3 0 1 2 1 0 30 34 Призёр III степени
Денисенко Фёдор Дмитриевич 3 3 0 15 15 0 0 33 Призёр III степени
Сюпкаева Виктория Александровна 3 3 0 15 15 0 0 33 Призёр III степени
Шкондин Михаил Максимович 3 0 1 15 15 0 0 31 Призёр III степени
Касьян Михаил Антонович 3 0 1 15 15 0 0 31 Призёр III степени
Ефимова Екатерина Алексеевна 3 1 0 15 15 0 0 31 Призёр III степени
Андреева Мирослава Ильинична 3 0 0 15 15 1 0 31 Призёр III степени
Магдеева Дарина Радиковна 3 1 0 15 4 11 0 31 Призёр III степени
Ланин Михаил Александрович 3 0 1 15 15 0 0 31 Призёр III степени
60559 3 0 0 15 15 0 0 30 Участник
90568 3 0 0 15 15 0 0 30 Участник
139355 3 0 0 15 15 0 0 30 Участник
74988 3 0 0 15 15 0 0 30 Участник
20331 3 0 0 15 15 0 0 30 Участник
70791 3 0 0 15 15 0 0 30 Участник
142361 3 0 0 15 15 0 0 30 Участник
59445 3 0 0 15 15 0 0 30 Участник
61296 3 0 0 15 15 0 0 30 Участник
69882 3 0 0 15 15 0 0 30 Участник
63241 3 0 0 15 15 0 0 30 Участник
73045 3 0 0 15 15 0 0 30 Участник
64213 3 0 0 15 15 0 0 30 Участник
138621 3 0 0 15 15 0 0 30 Участник
155167 3 0 0 15 15 0 0 30 Участник
99504 3 0 0 15 15 0 0 30 Участник
140394 3 0 1 2 15 11 0 29 Участник
83343 3 0 0 15 8 0 5 28 Участник
70462 3 0 1 15 0 11 0 27 Участник
59534 3 7 0 15 0 0 5 27 Участник
44623 3 7 0 15 0 5 0 27 Участник
68424 3 0 0 15 0 11 0 26 Участник
61314 3 0 0 6 15 0 5 26 Участник
149842 3 0 0 15 0 5 5 25 Участник
154684 3 0 0 10 15 0 0 25 Участник
92751 3 0 0 6 8 11 0 25 Участник
58376 3 0 0 10 4 11 0 25 Участник
154866 3 7 0 15 1 0 0 23 Участник
110209 3 7 0 15 1 0 0 23 Участник
59210 3 0 0 15 8 0 0 23 Участник
78598 3 0 0 2 15 0 5 22 Участник
92010 3 7 0 0 15 0 0 22 Участник
89009 3 0 0 15 1 0 5 21 Участник
66105 3 0 0 6 15 0 0 21 Участник
109836 3 0 0 6 15 0 0 21 Участник
93273 3 0 0 15 1 0 5 21 Участник
83001 3 0 0 1 15 0 5 21 Участник
143782 3 0 0 6 15 0 0 21 Участник
72741 3 1 0 15 0 0 5 21 Участник
70872 3 0 0 6 15 0 0 21 Участник
118764 3 0 0 6 15 0 0 21 Участник
64404 3 0 0 6 15 0 0 21 Участник
155655 3 0 0 6 15 0 0 21 Участник
88575 3 5 0 0 15 0 0 20 Участник
89523 3 0 0 15 0 0 5 20 Участник
100842 3 0 0 0 15 0 5 20 Участник
84648 3 0 0 15 0 0 5 20 Участник
17572 3 0 0 15 4 0 0 19 Участник
90958 3 0 0 15 4 0 0 19 Участник
84055 3 0 1 2 15 0 0 18 Участник
38337 3 0 1 1 15 0 0 17 Участник
91566 3 0 0 2 15 0 0 17 Участник
38642 3 0 1 15 1 0 0 17 Участник
122577 3 0 0 2 15 0 0 17 Участник
97024 3 0 1 15 1 0 0 17 Участник
33843 3 0 0 2 15 0 0 17 Участник
151068 3 7 0 10 0 0 0 17 Участник
76618 3 0 0 2 15 0 0 17 Участник
72819 3 0 1 1 15 0 0 17 Участник
103195 3 0 0 1 15 0 0 16 Участник
63861 3 0 0 1 15 0 0 16 Участник
124246 3 0 0 1 15 0 0 16 Участник
64667 3 0 0 15 1 0 0 16 Участник
111747 3 0 0 1 15 0 0 16 Участник
159807 3 0 0 1 15 0 0 16 Участник
77180 3 0 1 15 0 0 0 16 Участник
77955 3 0 1 15 0 0 0 16 Участник
97833 3 0 1 15 0 0 0 16 Участник
83370 3 0 1 15 0 0 0 16 Участник
156611 3 0 0 1 15 0 0 16 Участник
95479 3 0 0 1 15 0 0 16 Участник
80620 3 0 0 15 0 0 0 15 Участник
76605 3 0 0 15 0 0 0 15 Участник
149139 3 0 0 0 15 0 0 15 Участник
67031 3 0 0 15 0 0 0 15 Участник
153267 3 0 0 15 0 0 0 15 Участник
63356 3 0 0 0 15 0 0 15 Участник
63202 3 0 0 15 0 0 0 15 Участник
141024 3 0 0 15 0 0 0 15 Участник
65305 3 0 0 15 0 0 0 15 Участник
81008 3 0 0 15 0 0 0 15 Участник
129911 3 0 0 0 15 0 0 15 Участник
84771 3 0 0 15 0 0 0 15 Участник
64484 3 0 0 15 0 0 0 15 Участник
90210 3 0 0 15 0 0 0 15 Участник
74006 3 0 0 0 15 0 0 15 Участник
65657 3 0 0 0 15 0 0 15 Участник
37635 3 0 0 15 0 0 0 15 Участник
110081 3 0 0 15 0 0 0 15 Участник
95191 3 0 0 15 0 0 0 15 Участник
99132 3 0 0 15 0 0 0 15 Участник
62458 3 0 0 15 0 0 0 15 Участник
17514 3 0 0 2 12 0 0 14 Участник
101441 3 7 0 2 0 0 5 14 Участник
83264 3 0 1 6 1 0 5 13 Участник
154010 3 7 0 0 0 5 0 12 Участник
108597 3 0 0 6 0 0 5 11 Участник
128899 3 0 1 10 0 0 0 11 Участник
62045 3 0 0 10 1 0 0 11 Участник
69968 3 0 0 10 1 0 0 11 Участник
70360 3 0 0 6 4 0 0 10 Участник
101120 3 7 1 2 0 0 0 10 Участник
76486 3 0 0 10 0 0 0 10 Участник
69585 3 0 0 1 8 0 0 9 Участник
131786 3 0 0 1 8 0 0 9 Участник
84244 3 3 0 6 0 0 0 9 Участник
77717 3 0 0 6 0 0 2 8 Участник
152430 3 7 0 1 0 0 0 8 Участник
20837 3 1 0 1 4 0 2 8 Участник
149955 3 0 0 6 1 0 0 7 Участник
70125 3 0 0 6 1 0 0 7 Участник
29238 3 0 1 2 4 0 0 7 Участник
29933 3 0 0 6 1 0 0 7 Участник
18612 3 0 0 2 0 0 5 7 Участник
79414 3 0 0 2 0 0 5 7 Участник
134665 3 0 0 6 0 0 0 6 Участник
91184 3 0 0 6 0 0 0 6 Участник
79583 3 0 0 6 0 0 0 6 Участник
74586 3 0 0 6 0 0 0 6 Участник
69877 3 0 0 6 0 0 0 6 Участник
61677 3 0 0 6 0 0 0 6 Участник
73673 3 0 0 6 0 0 0 6 Участник
133934 3 0 0 1 1 0 2 4 Участник
137049 3 0 0 0 4 0 0 4 Участник
92621 3 3 0 0 0 0 0 3 Участник
62808 3 0 1 1 1 0 0 3 Участник
104472 3 0 1 1 1 0 0 3 Участник
154868 3 0 0 1 0 0 2 3 Участник
158257 3 0 0 2 1 0 0 3 Участник
76726 3 0 1 1 0 0 0 2 Участник
90775 3 0 0 2 0 0 0 2 Участник
159753 3 0 0 2 0 0 0 2 Участник
153257 3 0 1 1 0 0 0 2 Участник
62201 3 0 0 2 0 0 0 2 Участник
132226 3 0 1 1 0 0 0 2 Участник
131792 3 0 0 2 0 0 0 2 Участник
131770 3 0 0 2 0 0 0 2 Участник
137733 3 0 0 2 0 0 0 2 Участник
147868 3 0 0 1 1 0 0 2 Участник
111525 3 0 0 1 1 0 0 2 Участник
13535 3 0 0 1 1 0 0 2 Участник
66561 3 0 0 2 0 0 0 2 Участник
74303 3 0 1 0 0 0 0 1 Участник
60583 3 0 0 1 0 0 0 1 Участник
63355 3 0 0 1 0 0 0 1 Участник
129720 3 0 0 1 0 0 0 1 Участник
94293 3 0 0 0 1 0 0 1 Участник
69848 3 0 0 0 1 0 0 1 Участник
134268 3 0 0 1 0 0 0 1 Участник
62469 3 0 0 1 0 0 0 1 Участник
154107 3 0 0 1 0 0 0 1 Участник
78973 3 0 0 1 0 0 0 1 Участник
131802 3 0 0 1 0 0 0 1 Участник
116440 3 0 1 0 0 0 0 1 Участник
61078 3 0 0 0 1 0 0 1 Участник
76622 3 0 0 1 0 0 0 1 Участник
85075 3 0 0 1 0 0 0 1 Участник
9950 3 0 0 0 1 0 0 1 Участник
135147 3 0 0 1 0 0 0 1 Участник
95607 3 0 1 0 0 0 0 1 Участник
114520 3 0 0 1 0 0 0 1 Участник
62028 3 0 0 1 0 0 0 1 Участник
147786 3 0 0 1 0 0 0 1 Участник
155350 3 0 0 1 0 0 0 1 Участник
140110 3 0 0 1 0 0 0 1 Участник
155302 3 0 0 0 0 0 0 0 Участник
117485 3 0 0 0 0 0 0 0 Участник
115488 3 0 0 0 0 0 0 0 Участник
130649 3 0 0 0 0 0 0 0 Участник
134232 3 0 0 0 0 0 0 0 Участник
141196 3 0 0 0 0 0 0 0 Участник
131621 3 0 0 0 0 0 0 0 Участник
61472 3 0 0 0 0 0 0 0 Участник
96884 3 0 0 0 0 0 0 0 Участник
92254 3 0 0 0 0 0 0 0 Участник
131811 3 0 0 0 0 0 0 0 Участник
128126 3 0 0 0 0 0 0 0 Участник
61976 3 0 0 0 0 0 0 0 Участник
161136 3 0 0 0 0 0 0 0 Участник
145293 3 0 0 0 0 0 0 0 Участник
61989 3 0 0 0 0 0 0 0 Участник
Луппов Владислав Викторович 4 20 15 15 10 25 85 Победитель
Сайфуллина Адель Ренатовна 4 25 15 3 15 25 83 Победитель
Гапоненко Руслан Сергеевич 4 25 15 13 5 25 83 Победитель
Олейник Егор Никитич 4 25 15 2 15 25 82 Победитель
Кириченко Арсений Романович 4 20 10 10 15 25 80 Победитель
Медведев Николай Сергеевич 4 25 15 10 5 25 80 Победитель
Тимошенко Сергей Алексеевич 4 20 15 2 15 25 77 Победитель
Кулаков Сергей Сергеевич 4 25 10 0 15 25 75 Победитель
Сафронов Федор Иванович 4 20 10 0 15 25 70 Победитель
Питерский Марк Ильич 4 25 15 0 0 25 65 Победитель
Буравлев Андрей Вадимович 4 25 0 0 15 25 65 Победитель
Шармаев Юрий Григорьевич 4 20 0 0 15 25 60 Призёр II степени
Мещеряков Михаил Дмитриевич 4 20 10 0 5 25 60 Призёр II степени
Юсина Софья Валентиновна 4 25 5 0 5 25 60 Призёр II степени
Панкратов Александр Иванович 4 20 0 0 15 25 60 Призёр II степени
Руфкин Николай Иванович 4 0 15 0 15 25 55 Призёр II степени
Рахманов Александр Романович 4 5 10 0 15 25 55 Призёр II степени
Рыбаков Никита Борисович 4 0 15 0 15 25 55 Призёр II степени
Игнатьев Никита Валерьевич 4 0 15 0 15 25 55 Призёр II степени
Истратова Екатерина Михайловна 4 15 0 0 15 25 55 Призёр II степени
Ревин Артём Александрович 4 25 0 0 5 25 55 Призёр II степени
Каримова Полина Артуровна 4 25 15 7 5 0 52 Призёр II степени
Чуксина Кира Олеговна 4 0 12 0 15 25 52 Призёр II степени
Селиванова Алиса Витальевна 4 25 0 0 0 25 50 Призёр III степени
Кулоразова Варвара Андреевна 4 0 10 0 15 25 50 Призёр III степени
Трофименков Кирилл Иванович 4 10 0 0 15 25 50 Призёр III степени
Турова Ирина Игоревна 4 10 0 0 15 25 50 Призёр III степени
Попов Максим Константинович 4 0 15 0 10 25 50 Призёр III степени
Ванюшкин Грант Иванович 4 10 5 5 5 25 50 Призёр III степени
Ермеев Артём Маратович 4 20 0 0 5 25 50 Призёр III степени
Дербенева Ирина Сергеевна 4 0 15 20 15 0 50 Призёр III степени
Кирсанов Александр Андреевич 4 5 4 0 15 25 49 Призёр III степени
Ковалева Екатерина Дмитриевна 4 20 4 8 15 0 47 Призёр III степени
Яшкин Руслан Алексеевич 4 5 10 0 5 25 45 Призёр III степени
Алексанин Иван Дмитриевич 4 0 15 5 0 25 45 Призёр III степени
Конева Варвара Денисовна 4 15 0 0 5 25 45 Призёр III степени
Афанасьев Марк Дмитриевич 4 0 15 0 5 25 45 Призёр III степени
Алгушаева Айлина Айнуровна 4 0 5 0 15 25 45 Призёр III степени
Еженков Николай Владимирович 4 10 10 0 0 25 45 Призёр III степени
Сыщиков Виктор Алексеевич 4 5 0 5 10 25 45 Призёр III степени
Дедик Тимофей Антонович 4 0 10 0 10 25 45 Призёр III степени
Амиров Тимофей Альфредович 4 20 0 0 0 25 45 Призёр III степени
Николаев Кирилл Павлович 4 5 15 0 0 25 45 Призёр III степени
Андреева Александра Сергеевна 4 5 0 0 15 25 45 Призёр III степени
Семенов Сергей Сергеевич 4 5 0 0 15 25 45 Призёр III степени
Серёдкин Артём Николаевич 4 0 5 0 15 25 45 Призёр III степени
98466 4 0 4 0 15 25 44 Участник
44055 4 0 3 0 15 25 43 Участник
3822 4 0 15 2 0 25 42 Участник
72237 4 0 10 0 5 25 40 Участник
32383 4 0 0 0 15 25 40 Участник
94195 4 0 0 0 15 25 40 Участник
156791 4 0 0 0 15 25 40 Участник
22457 4 0 0 0 15 25 40 Участник
38667 4 20 5 10 5 0 40 Участник
43290 4 0 0 0 15 25 40 Участник
53466 4 0 0 0 15 25 40 Участник
44521 4 0 0 0 15 25 40 Участник
61010 4 0 3 0 10 23 36 Участник
35461 4 0 10 0 0 25 35 Участник
9240 4 5 0 0 5 25 35 Участник
4812 4 15 15 0 5 0 35 Участник
128000 4 5 0 0 5 25 35 Участник
62663 4 0 0 0 10 25 35 Участник
4303 4 0 0 0 10 25 35 Участник
156680 4 0 0 0 10 25 35 Участник
48944 4 0 0 0 10 25 35 Участник
131604 4 0 0 5 5 25 35 Участник
19139 4 0 0 0 10 25 35 Участник
127096 4 0 0 0 15 20 35 Участник
13595 4 10 0 0 0 25 35 Участник
3805 4 0 0 5 5 25 35 Участник
42318 4 0 0 5 5 25 35 Участник
104916 4 0 4 0 5 25 34 Участник
126726 4 25 0 0 5 0 30 Участник
57024 4 5 0 0 0 25 30 Участник
39649 4 0 0 0 5 25 30 Участник
155702 4 0 15 0 15 0 30 Участник
10551 4 5 0 0 0 25 30 Участник
59631 4 0 0 0 5 25 30 Участник
45721 4 5 0 0 0 25 30 Участник
145396 4 0 0 0 5 25 30 Участник
79382 4 0 0 0 5 25 30 Участник
19981 4 0 0 0 5 25 30 Участник
16635 4 0 15 0 15 0 30 Участник
47042 4 0 0 0 5 25 30 Участник
55753 4 0 0 0 5 25 30 Участник
148664 4 0 5 0 0 25 30 Участник
97578 4 0 0 0 5 25 30 Участник
47486 4 0 0 0 2 25 27 Участник
31626 4 0 0 0 0 25 25 Участник
88836 4 0 0 0 0 25 25 Участник
153733 4 0 0 0 0 25 25 Участник
25173 4 0 0 0 0 25 25 Участник
59168 4 0 0 0 0 25 25 Участник
43158 4 0 15 0 10 0 25 Участник
79295 4 0 0 0 0 25 25 Участник
20847 4 0 0 0 0 25 25 Участник
20554 4 0 0 0 0 25 25 Участник
38454 4 0 0 0 0 25 25 Участник
7760 4 0 0 0 0 25 25 Участник
157802 4 0 0 0 0 25 25 Участник
100045 4 0 0 0 0 25 25 Участник
18704 4 0 0 0 0 25 25 Участник
110868 4 0 0 0 0 25 25 Участник
50688 4 0 0 0 0 25 25 Участник
25219 4 0 0 0 0 25 25 Участник
19384 4 0 0 0 0 25 25 Участник
59119 4 0 0 0 0 25 25 Участник
160188 4 0 0 0 0 25 25 Участник
70545 4 0 0 0 0 25 25 Участник
84409 4 0 0 0 0 25 25 Участник
135030 4 0 0 0 0 25 25 Участник
90286 4 0 0 0 0 25 25 Участник
120880 4 0 0 0 0 25 25 Участник
96829 4 0 0 0 0 25 25 Участник
141218 4 0 0 0 0 25 25 Участник
15821 4 0 0 0 0 25 25 Участник
52285 4 0 0 0 0 25 25 Участник
102125 4 0 0 0 0 25 25 Участник
90129 4 0 0 0 0 25 25 Участник
26204 4 0 0 0 0 25 25 Участник
39460 4 0 0 0 0 25 25 Участник
24439 4 0 0 0 0 25 25 Участник
151684 4 0 0 0 0 25 25 Участник
9092 4 0 0 0 0 25 25 Участник
88489 4 0 0 0 0 25 25 Участник
39404 4 0 0 0 0 25 25 Участник
153426 4 0 10 0 15 0 25 Участник
30220 4 0 0 0 0 25 25 Участник
14502 4 0 0 0 0 25 25 Участник
159664 4 0 0 0 0 25 25 Участник
73642 4 0 0 0 0 25 25 Участник
58653 4 0 0 0 0 25 25 Участник
31601 4 25 0 0 0 0 25 Участник
51614 4 0 0 0 0 25 25 Участник
106537 4 0 0 0 0 25 25 Участник
45705 4 0 0 0 0 25 25 Участник
47066 4 0 0 0 0 25 25 Участник
27835 4 0 10 0 15 0 25 Участник
13781 4 0 0 0 0 23 23 Участник
6741 4 5 0 2 15 0 22 Участник
43151 4 0 5 2 15 0 22 Участник
52399 4 5 10 0 5 0 20 Участник
17550 4 5 0 0 15 0 20 Участник
4699 4 0 15 0 5 0 20 Участник
82058 4 0 5 0 15 0 20 Участник
58876 4 0 3 0 15 0 18 Участник
143203 4 0 15 0 0 0 15 Участник
51873 4 0 0 0 15 0 15 Участник
73422 4 0 0 0 15 0 15 Участник
81908 4 5 0 5 5 0 15 Участник
3963 4 0 0 0 15 0 15 Участник
121290 4 0 0 0 15 0 15 Участник
112742 4 0 0 0 15 0 15 Участник
10215 4 0 0 0 15 0 15 Участник
62812 4 0 0 0 15 0 15 Участник
13128 4 0 0 0 15 0 15 Участник
98797 4 0 15 0 0 0 15 Участник
93267 4 0 0 0 15 0 15 Участник
19679 4 0 10 0 5 0 15 Участник
38505 4 0 0 0 15 0 15 Участник
157197 4 5 0 0 10 0 15 Участник
63651 4 0 5 0 10 0 15 Участник
8277 4 0 0 0 10 0 10 Участник
6959 4 0 10 0 0 0 10 Участник
12887 4 0 3 0 5 0 8 Участник
102643 4 0 3 0 5 0 8 Участник
8746 4 0 0 0 5 0 5 Участник
97113 4 0 0 0 5 0 5 Участник
149386 4 0 0 0 5 0 5 Участник
10830 4 0 0 0 5 0 5 Участник
116367 4 0 0 0 5 0 5 Участник
40833 4 0 0 0 5 0 5 Участник
38571 4 0 0 0 5 0 5 Участник
67546 4 0 0 0 5 0 5 Участник
99156 4 0 0 0 5 0 5 Участник
92375 4 5 0 0 0 0 5 Участник
16238 4 5 0 0 0 0 5 Участник
20834 4 0 0 0 5 0 5 Участник
18494 4 0 0 0 5 0 5 Участник
95259 4 5 0 0 0 0 5 Участник
73426 4 5 0 0 0 0 5 Участник
25263 4 0 0 0 2 0 2 Участник
105984 4 0 0 0 0 0 0 Участник
118740 4 0 0 0 0 0 0 Участник
46898 4 0 0 0 0 0 0 Участник
11928 4 0 0 0 0 0 0 Участник
9999 4 0 0 0 0 0 0 Участник
114267 4 0 0 0 0 0 0 Участник
127175 4 0 0 0 0 0 0 Участник
12288 4 0 0 0 0 0 0 Участник
51683 4 0 0 0 0 0 0 Участник
151240 4 0 0 0 0 0 0 Участник
17308 4 0 0 0 0 0 0 Участник
8785 4 0 0 0 0 0 0 Участник
98918 4 0 0 0 0 0 0 Участник
23868 4 0 0 0 0 0 0 Участник
129569 4 0 0 0 0 0 0 Участник
164474 4 0 0 0 0 0 0 Участник
104757 4 0 0 0 0 0 0 Участник
159206 4 0 0 0 0 0 0 Участник
149865 4 0 0 0 0 0 0 Участник
97508 4 0 0 0 0 0 0 Участник
80976 4 0 0 0 0 0 0 Участник
74046 4 0 0 0 0 0 0 Участник
92852 4 0 0 0 0 0 0 Участник
98145 4 0 0 0 0 0 0 Участник
6177 4 0 0 0 0 0 0 Участник
6562 4 0 0 0 0 0 0 Участник
88880 4 0 0 0 0 0 0 Участник
42182 4 0 0 0 0 0 0 Участник
92938 4 0 0 0 0 0 0 Участник
4658 4 0 0 0 0 0 0 Участник
4329 4 0 0 0 0 0 0 Участник
4385 4 0 0 0 0 0 0 Участник
9075 4 0 0 0 0 0 0 Участник
6398 4 0 0 0 0 0 0 Участник
44587 4 0 0 0 0 0 0 Участник
104000 4 0 0 0 0 0 0 Участник
91609 4 0 0 0 0 0 0 Участник
39421 4 0 0 0 0 0 0 Участник
10859 4 0 0 0 0 0 0 Участник
128939 4 0 0 0 0 0 0 Участник
79502 4 0 0 0 0 0 0 Участник
27093 4 0 0 0 0 0 0 Участник
30543 4 0 0 0 0 0 0 Участник
43231 4 0 0 0 0 0 0 Участник
39768 4 0 0 0 0 0 0 Участник
93230 4 0 0 0 0 0 0 Участник
66591 4 0 0 0 0 0 0 Участник
8727 4 0 0 0 0 0 0 Участник
98979 4 0 0 0 0 0 0 Участник
73414 4 0 0 0 0 0 0 Участник
41366 4 0 0 0 0 0 0 Участник
58696 4 0 0 0 0 0 0 Участник
67619 4 0 0 0 0 0 0 Участник
17229 4 0 0 0 0 0 0 Участник
22380 4 0 0 0 0 0 0 Участник
8965 4 0 0 0 0 0 0 Участник
41637 4 0 0 0 0 0 0 Участник
159853 4 0 0 0 0 0 0 Участник
133786 4 0 0 0 0 0 0 Участник
155822 4 0 0 0 0 0 0 Участник
98411 4 0 0 0 0 0 0 Участник
32106 4 0 0 0 0 0 0 Участник
92463 4 0 0 0 0 0 0 Участник
135106 4 0 0 0 0 0 0 Участник
17310 4 0 0 0 0 0 0 Участник
69139 4 0 0 0 0 0 0 Участник
120697 4 0 0 0 0 0 0 Участник
129933 4 0 0 0 0 0 0 Участник
155796 4 0 0 0 0 0 0 Участник
144931 4 0 0 0 0 0 0 Участник
10341 4 0 0 0 0 0 0 Участник
156485 4 0 0 0 0 0 0 Участник
158947 4 0 0 0 0 0 0 Участник
11944 4 0 0 0 0 0 0 Участник
18586 4 0 0 0 0 0 0 Участник
135207 4 0 0 0 0 0 0 Участник
29408 4 0 0 0 0 0 0 Участник
100883 4 0 0 0 0 0 0 Участник
89753 4 0 0 0 0 0 0 Участник
Кабаков Платон Андреевич 5 20 18 22 14 18 92 Победитель
Веретёнкина Анна Ильинична 5 20 10 22 14 26 92 Победитель
Химич Валерия Александровна 5 20 18 22 8 18 86 Победитель
Ганасюк Роман Иванович 5 20 10 22 14 14 80 Победитель
Ященко Лев Юрьевич 5 0 18 22 14 26 80 Победитель
Гундарина Юлия Александровна 5 20 18 22 14 4 78 Победитель
Перескоков Дмитрий Алексеевич 5 20 18 22 0 14 74 Победитель
Симаков Роман Николаевич 5 20 18 22 8 4 72 Победитель
Якубовский Илья Никитич 5 20 18 22 8 4 72 Победитель
Кириллов Андрей Сергеевич 5 20 3 22 8 18 71 Победитель
Жраков Илья Игоревич 5 20 11 22 8 10 71 Победитель
Емельянов Всеволод Геннадьевич 5 20 18 17 14 0 69 Призёр II степени
Шрубок Герман Константинович 5 20 18 12 8 10 68 Призёр II степени
Алексеев Светослав Дмитриевич 5 20 2 22 8 16 68 Призёр II степени
Чегодаева Мария Александровна 5 20 18 22 8 0 68 Призёр II степени
Чернецов Захар Андреевич 5 20 18 22 0 8 68 Призёр II степени
Кукарин Матвей Алексеевич 5 10 18 22 4 13 67 Призёр II степени
Малахов Григорий Денисович 5 20 4 17 8 18 67 Призёр II степени
Шайхлисламов Тимур Рустамович 5 20 18 22 4 0 64 Призёр II степени
Аскарова Риана Тимуровна 5 0 18 22 14 10 64 Призёр II степени
Пахомов Сергей Петрович 5 20 18 22 4 0 64 Призёр II степени
Колыванов Александр Юрьевич 5 0 13 17 8 26 64 Призёр II степени
Тахаутдинова Карина Рустамовна 5 0 18 17 14 14 63 Призёр II степени
Прибыш Фёдор Владимирович 5 20 0 22 8 12 62 Призёр II степени
Павлова Милена Андреевна 5 20 4 22 8 4 58 Призёр III степени
Суродейкин Святослав Николаевич 5 20 0 22 4 12 58 Призёр III степени
Сафронов Михаил Алексеевич 5 0 18 17 4 18 57 Призёр III степени
Кузина Екатерина Ивановна 5 0 18 17 4 18 57 Призёр III степени
Полещук Виктория Владимировна 5 0 2 22 14 18 56 Призёр III степени
Шиханов Максим Сергеевич 5 15 18 22 0 0 55 Призёр III степени
Габидуллина Алина Ильдаровна 5 10 18 22 0 4 54 Призёр III степени
Чеботарев Максим Андреевич 5 0 4 22 0 26 52 Призёр III степени
Баталова Вероника Тамировна 5 0 18 22 8 4 52 Призёр III степени
Гюли-Заде Эвелина Тимуровна 5 0 4 22 0 26 52 Призёр III степени
Климкина Василиса Алексеевна 5 20 0 22 8 0 50 Призёр III степени
Фирсова Анастасия Денисовна 5 0 18 22 4 4 48 Призёр III степени
Шмелев Мирон Романович 5 0 18 22 4 4 48 Призёр III степени
Жукова Лилия Витальевна 5 0 18 17 0 13 48 Призёр III степени
Ноздрюхин Алексей Романович 5 2 12 22 8 4 48 Призёр III степени
Мударисов Дамир Ильдарович 5 20 2 17 8 0 47 Призёр III степени
Ползиков Андрей Максимович 5 20 18 0 8 0 46 Призёр III степени
Алпеев Тихон Евгеньевич 5 15 14 17 0 0 46 Призёр III степени
17105 5 20 4 17 4 0 45 Участник
74085 5 15 4 22 4 0 45 Участник
38283 5 0 14 17 0 14 45 Участник
55352 5 0 8 17 8 12 45 Участник
48687 5 0 8 22 14 0 44 Участник
101807 5 0 18 22 4 0 44 Участник
54635 5 0 0 17 8 18 43 Участник
6920 5 0 18 17 4 4 43 Участник
20703 5 0 6 22 14 0 42 Участник
99045 5 5 10 22 0 4 41 Участник
78173 5 20 0 12 4 4 40 Участник
79734 5 0 18 10 0 12 40 Участник
17935 5 0 0 22 0 18 40 Участник
68491 5 0 18 0 8 14 40 Участник
76865 5 0 18 22 0 0 40 Участник
49503 5 0 4 22 0 13 39 Участник
38895 5 0 4 22 0 13 39 Участник
117560 5 0 2 22 14 0 38 Участник
91144 5 15 2 12 8 0 37 Участник
28825 5 20 9 0 8 0 37 Участник
24671 5 20 0 0 4 12 36 Участник
133401 5 0 14 22 0 0 36 Участник
10241 5 0 0 22 14 0 36 Участник
41770 5 0 18 0 14 4 36 Участник
26468 5 0 9 22 4 0 35 Участник
76511 5 0 0 17 4 14 35 Участник
151501 5 0 4 12 14 4 34 Участник
51955 5 0 8 22 4 0 34 Участник
154258 5 0 4 22 0 8 34 Участник
15018 5 0 4 22 8 0 34 Участник
61313 5 0 4 17 4 8 33 Участник
99373 5 0 9 22 0 0 31 Участник
51047 5 0 4 22 4 0 30 Участник
135234 5 0 0 10 8 12 30 Участник
88467 5 0 9 17 4 0 30 Участник
93731 5 0 0 22 4 4 30 Участник
21507 5 20 2 0 8 0 30 Участник
30114 5 0 18 0 8 4 30 Участник
39890 5 0 9 0 8 12 29 Участник
114584 5 20 5 0 4 0 29 Участник
36319 5 0 4 17 8 0 29 Участник
101870 5 0 4 17 8 0 29 Участник
42715 5 15 0 12 0 0 27 Участник
11747 5 0 2 17 8 0 27 Участник
37958 5 0 0 22 0 4 26 Участник
31253 5 0 18 0 8 0 26 Участник
4371 5 0 0 0 0 26 26 Участник
39836 5 0 0 22 4 0 26 Участник
56279 5 0 12 0 14 0 26 Участник
66277 5 0 18 0 8 0 26 Участник
69903 5 0 13 0 8 4 25 Участник
55537 5 0 4 17 4 0 25 Участник
38666 5 0 2 22 0 0 24 Участник
119103 5 20 4 0 0 0 24 Участник
150228 5 0 2 4 8 10 24 Участник
70059 5 0 9 0 14 0 23 Участник
61747 5 0 0 10 12 0 22 Участник
18567 5 0 0 22 0 0 22 Участник
42616 5 0 18 0 4 0 22 Участник
25015 5 0 0 22 0 0 22 Участник
133220 5 0 0 22 0 0 22 Участник
61206 5 0 4 17 0 0 21 Участник
73243 5 0 4 0 8 9 21 Участник
112801 5 0 0 17 4 0 21 Участник
29338 5 0 2 0 0 18 20 Участник
4004 5 0 2 10 8 0 20 Участник
136513 5 0 0 12 4 4 20 Участник
91809 5 0 2 10 8 0 20 Участник
6221 5 0 2 17 0 0 19 Участник
155892 5 0 0 5 4 10 19 Участник
35113 5 5 0 5 8 0 18 Участник
9607 5 0 18 0 0 0 18 Участник
78692 5 0 9 0 8 0 17 Участник
10231 5 0 4 5 8 0 17 Участник
148767 5 0 0 17 0 0 17 Участник
110839 5 0 4 0 0 12 16 Участник
136805 5 0 4 0 8 4 16 Участник
4122 5 0 8 2 4 0 14 Участник
4316 5 0 0 0 0 14 14 Участник
100488 5 0 14 0 0 0 14 Участник
120122 5 0 0 0 10 4 14 Участник
50483 5 0 4 10 0 0 14 Участник
110744 5 0 4 10 0 0 14 Участник
161313 5 0 0 10 4 0 14 Участник
44648 5 0 0 0 14 0 14 Участник
152668 5 0 0 5 4 4 13 Участник
37268 5 0 0 0 8 4 12 Участник
22724 5 0 4 0 8 0 12 Участник
51484 5 0 0 0 0 12 12 Участник
37246 5 0 0 10 0 0 10 Участник
38862 5 0 10 0 0 0 10 Участник
95438 5 0 2 0 8 0 10 Участник
28040 5 0 0 5 4 0 9 Участник
158159 5 0 9 0 0 0 9 Участник
6271 5 0 0 0 8 0 8 Участник
15471 5 0 0 0 4 4 8 Участник
154656 5 0 0 0 8 0 8 Участник
63279 5 0 0 0 8 0 8 Участник
111645 5 0 0 0 8 0 8 Участник
94359 5 0 0 0 8 0 8 Участник
150215 5 0 2 5 0 0 7 Участник
131728 5 0 2 5 0 0 7 Участник
38810 5 0 2 0 0 4 6 Участник
89767 5 0 2 0 0 4 6 Участник
18590 5 0 0 0 2 4 6 Участник
4831 5 0 2 0 4 0 6 Участник
164684 5 0 2 0 4 0 6 Участник
22899 5 0 0 0 0 5 5 Участник
37554 5 0 5 0 0 0 5 Участник
125456 5 0 0 0 4 0 4 Участник
139040 5 0 0 0 4 0 4 Участник
101643 5 0 2 0 2 0 4 Участник
156807 5 0 0 0 0 4 4 Участник
141549 5 0 0 0 4 0 4 Участник
4388 5 0 0 0 0 4 4 Участник
164681 5 0 0 0 4 0 4 Участник
103216 5 0 0 0 4 0 4 Участник
102550 5 0 2 0 0 0 2 Участник
143921 5 0 2 0 0 0 2 Участник
42958 5 0 2 0 0 0 2 Участник
33781 5 0 2 0 0 0 2 Участник
144860 5 0 2 0 0 0 2 Участник
94790 5 0 2 0 0 0 2 Участник
74609 5 0 0 0 0 0 0 Участник
80758 5 0 0 0 0 0 0 Участник
10917 5 0 0 0 0 0 0 Участник
154178 5 0 0 0 0 0 0 Участник
135703 5 0 0 0 0 0 0 Участник
28301 5 0 0 0 0 0 0 Участник
73282 5 0 0 0 0 0 0 Участник
36997 5 0 0 0 0 0 0 Участник
156448 5 0 0 0 0 0 0 Участник
125512 5 0 0 0 0 0 0 Участник
104529 5 0 0 0 0 0 0 Участник
117406 5 0 0 0 0 0 0 Участник
4769 5 0 0 0 0 0 0 Участник
36800 5 0 0 0 0 0 0 Участник
10438 5 0 0 0 0 0 0 Участник
150223 5 0 0 0 0 0 0 Участник
144398 5 0 0 0 0 0 0 Участник
145558 5 0 0 0 0 0 0 Участник
46439 5 0 0 0 0 0 0 Участник
28173 5 0 0 0 0 0 0 Участник
129815 5 0 0 0 0 0 0 Участник
160096 5 0 0 0 0 0 0 Участник
81197 5 0 0 0 0 0 0 Участник
146913 5 0 0 0 0 0 0 Участник
144401 5 0 0 0 0 0 0 Участник
145068 5 0 0 0 0 0 0 Участник
33384 5 0 0 0 0 0 0 Участник
32773 5 0 0 0 0 0 0 Участник
40965 5 0 0 0 0 0 0 Участник
32716 5 0 0 0 0 0 0 Участник
68090 5 0 0 0 0 0 0 Участник
144966 5 0 0 0 0 0 0 Участник
33275 5 0 0 0 0 0 0 Участник
Тимофеев Александр Артемович 6 10 2 25 16 0 6 59 Победитель
Вахменин Михаил Михайлович 6 10 15 4 0 20 6 55 Победитель
Астафьев Артём Алексеевич 6 10 0 25 4 0 7 46 Победитель
Дербенев Илья Сергеевич 6 10 0 8 4 20 2 44 Победитель
Скоринова Виктория Евгеньевна 6 10 0 16 16 0 0 42 Победитель
Садретдинов Камиль Ирекович 6 10 0 25 0 0 7 42 Победитель
Погребная Элина Сергеевна 6 10 0 25 0 0 6 41 Победитель
Серобян Гор Гамлетович 6 10 5 25 0 0 0 40 Призёр II степени
Кудинов Ярослав Петрович 6 5 0 25 10 0 0 40 Призёр II степени
Блинов Алексей Евгеньевич 6 0 0 25 4 4 6 39 Призёр II степени
Поливода Никита Сергеевич 6 5 0 25 4 0 4 38 Призёр II степени
Шлыков Георгий Дмитриевич 6 5 0 25 0 0 6 36 Призёр II степени
Гришин Арсений Константинович 6 10 0 22 0 0 4 36 Призёр II степени
Исмагилов Тимур Ильдарович 6 10 8 0 0 9 6 33 Призёр III степени
Фардиев Амир Ильмасович 6 0 7 23 0 0 2 32 Призёр III степени
Ермоленко Михаил Дмитриевич 6 2 0 25 4 0 0 31 Призёр III степени
Геенко Роман Андреевич 6 2 14 8 4 0 3 31 Призёр III степени
Кычкина Амелия Михайловна 6 0 0 25 4 0 0 29 Призёр III степени
Опекунова Адриана Дмитриевна 6 10 0 4 4 6 4 28 Призёр III степени
Ткаченко Ярослав Константинович 6 10 0 0 16 0 2 28 Призёр III степени
Авраменко Денис Андреевич 6 10 0 8 4 0 6 28 Призёр III степени
Картюков Владислав Вячеславович 6 0 0 25 0 0 2 27 Призёр III степени
Максименко Иван Андреевич 6 10 5 8 0 0 2 25 Призёр III степени
Глухов Дмитрий Алексеевич 6 10 0 8 0 0 7 25 Призёр III степени
4233 6 0 0 18 4 0 2 24 Участник
157556 6 9 0 4 0 4 7 24 Участник
53765 6 0 0 17 4 0 3 24 Участник
55885 6 5 5 0 4 9 1 24 Участник
39539 6 10 5 8 0 0 0 23 Участник
11474 6 10 0 2 4 0 6 22 Участник
128082 6 0 0 13 4 0 3 20 Участник
5744 6 10 5 2 0 0 3 20 Участник
46867 6 2 11 0 0 0 6 19 Участник
42559 6 10 5 0 4 0 0 19 Участник
41879 6 0 0 12 4 0 3 19 Участник
18217 6 0 6 4 4 0 4 18 Участник
16876 6 10 0 0 0 0 6 16 Участник
8121 6 0 0 0 16 0 0 16 Участник
74614 6 5 0 0 4 0 5 14 Участник
74972 6 0 0 4 4 0 6 14 Участник
134859 6 0 0 13 0 0 0 13 Участник
52849 6 10 0 0 0 0 2 12 Участник
45480 6 5 0 0 4 0 3 12 Участник
42315 6 0 0 0 0 9 3 12 Участник
111498 6 2 0 0 4 0 6 12 Участник
54689 6 5 5 0 0 0 2 12 Участник
5138 6 0 0 0 4 5 3 12 Участник
90501 6 2 7 0 0 0 2 11 Участник
42365 6 0 0 0 4 0 7 11 Участник
38249 6 0 0 0 4 0 7 11 Участник
3972 6 4 0 0 4 0 3 11 Участник
157689 6 0 0 4 4 0 3 11 Участник
150024 6 0 0 4 4 0 3 11 Участник
38461 6 0 0 0 11 0 0 11 Участник
102723 6 0 0 0 4 0 6 10 Участник
52328 6 0 0 4 0 0 6 10 Участник
131688 6 0 2 4 0 0 4 10 Участник
104126 6 0 0 0 4 0 6 10 Участник
136292 6 0 5 0 0 0 5 10 Участник
43325 6 4 0 0 4 0 2 10 Участник
41273 6 0 0 0 4 0 6 10 Участник
9964 6 0 0 4 0 0 5 9 Участник
125526 6 0 5 0 4 0 0 9 Участник
141356 6 4 0 0 0 0 5 9 Участник
82019 6 0 0 0 4 0 5 9 Участник
7133 6 0 0 0 4 4 0 8 Участник
89263 6 0 0 0 4 0 4 8 Участник
82927 6 2 0 0 4 0 2 8 Участник
12145 6 0 0 4 4 0 0 8 Участник
91589 6 2 0 0 4 0 2 8 Участник
49626 6 0 0 4 4 0 0 8 Участник
131690 6 0 0 0 4 0 3 7 Участник
13496 6 2 0 0 0 0 5 7 Участник
110523 6 0 0 4 0 0 3 7 Участник
58588 6 0 0 0 0 0 7 7 Участник
138101 6 0 0 4 0 0 2 6 Участник
3921 6 0 0 0 0 0 6 6 Участник
5318 6 0 0 4 0 0 2 6 Участник
114313 6 2 0 0 4 0 0 6 Участник
153406 6 0 0 0 4 0 2 6 Участник
39418 6 0 0 0 4 0 2 6 Участник
76599 6 0 0 0 4 0 2 6 Участник
102547 6 0 0 0 4 0 2 6 Участник
29410 6 0 0 0 0 0 6 6 Участник
161843 6 0 0 0 4 0 2 6 Участник
66469 6 0 0 0 0 0 5 5 Участник
42993 6 0 0 0 4 0 1 5 Участник
39282 6 0 0 0 4 0 1 5 Участник
71633 6 0 0 0 4 0 0 4 Участник
144095 6 0 0 0 4 0 0 4 Участник
4894 6 2 0 0 0 0 2 4 Участник
104382 6 0 0 0 4 0 0 4 Участник
95313 6 0 0 4 0 0 0 4 Участник
77758 6 0 0 0 0 0 4 4 Участник
41218 6 0 0 0 4 0 0 4 Участник
93718 6 0 0 0 4 0 0 4 Участник
139682 6 0 0 0 0 0 4 4 Участник
76348 6 0 0 0 4 0 0 4 Участник
143095 6 0 0 0 4 0 0 4 Участник
19057 6 0 0 0 4 0 0 4 Участник
34354 6 0 0 0 4 0 0 4 Участник
75083 6 0 0 0 4 0 0 4 Участник
12540 6 0 0 0 0 0 4 4 Участник
33194 6 0 0 0 4 0 0 4 Участник
53275 6 0 0 0 0 0 3 3 Участник
10146 6 0 0 0 0 0 3 3 Участник
53604 6 0 0 0 0 0 3 3 Участник
10382 6 0 0 0 0 0 3 3 Участник
25044 6 0 0 0 0 0 3 3 Участник
157537 6 0 0 0 0 0 3 3 Участник
156469 6 0 0 0 0 0 2 2 Участник
118525 6 0 0 0 0 0 2 2 Участник
69083 6 0 0 0 0 0 2 2 Участник
95306 6 0 0 0 0 0 2 2 Участник
148683 6 0 0 0 0 0 2 2 Участник
6583 6 0 0 0 0 0 2 2 Участник
95628 6 0 0 0 0 0 2 2 Участник
40189 6 0 0 0 0 0 2 2 Участник
101981 6 0 0 0 0 0 2 2 Участник
156059 6 0 0 0 0 0 2 2 Участник
154104 6 0 0 0 0 0 2 2 Участник
125115 6 0 0 0 0 0 0 0 Участник
38533 6 0 0 0 0 0 0 0 Участник
17727 6 0 0 0 0 0 0 0 Участник
154000 6 0 0 0 0 0 0 0 Участник
107935 6 0 0 0 0 0 0 0 Участник
124239 6 0 0 0 0 0 0 0 Участник
29473 6 0 0 0 0 0 0 0 Участник
89805 6 0 0 0 0 0 0 0 Участник
3801 6 0 0 0 0 0 0 0 Участник
36879 6 0 0 0 0 0 0 0 Участник
50039 6 0 0 0 0 0 0 0 Участник
94849 6 0 0 0 0 0 0 0 Участник
44651 6 0 0 0 0 0 0 0 Участник
39219 6 0 0 0 0 0 0 0 Участник
144486 6 0 0 0 0 0 0 0 Участник
145140 6 0 0 0 0 0 0 0 Участник
100966 6 0 0 0 0 0 0 0 Участник
32910 6 0 0 0 0 0 0 0 Участник
145732 6 0 0 0 0 0 0 0 Участник
39639 6 0 0 0 0 0 0 0 Участник
121500 6 0 0 0 0 0 0 0 Участник
90952 6 0 0 0 0 0 0 0 Участник
131684 6 0 0 0 0 0 0 0 Участник
32829 6 0 0 0 0 0 0 0 Участник
33055 6 0 0 0 0 0 0 0 Участник
32972 6 0 0 0 0 0 0 0 Участник
144814 6 0 0 0 0 0 0 0 Участник
81691 6 0 0 0 0 0 0 0 Участник
13958 6 0 0 0 0 0 0 0 Участник
105407 6 0 0 0 0 0 0 0 Участник
101109 6 0 0 0 0 0 0 0 Участник
146209 6 0 0 0 0 0 0 0 Участник
36043 6 0 0 0 0 0 0 0 Участник
146171 6 0 0 0 0 0 0 0 Участник
79540 6 0 0 0 0 0 0 0 Участник
32666 6 0 0 0 0 0 0 0 Участник
96490 6 0 0 0 0 0 0 0 Участник
147977 6 0 0 0 0 0 0 0 Участник
144850 6 0 0 0 0 0 0 0 Участник
144879 6 0 0 0 0 0 0 0 Участник
145238 6 0 0 0 0 0 0 0 Участник
76184 6 0 0 0 0 0 0 0 Участник
98106 6 0 0 0 0 0 0 0 Участник
145279 6 0 0 0 0 0 0 0 Участник
145249 6 0 0 0 0 0 0 0 Участник
145207 6 0 0 0 0 0 0 0 Участник
76571 6 0 0 0 0 0 0 0 Участник
33252 6 0 0 0 0 0 0 0 Участник
32684 6 0 0 0 0 0 0 0 Участник
75277 6 0 0 0 0 0 0 0 Участник
Ивина Дарья Юрьевна 7 15 15 25 20 25 100 Победитель
Вахрушев Михаил Денисович 7 15 15 25 20 25 100 Победитель
Александров Андрей Владимирович 7 15 15 25 20 25 100 Победитель
Болотов Алексей Павлович 7 15 15 25 20 25 100 Победитель
Юнусов Азамат Марсович 7 15 15 25 20 25 100 Победитель
Любарский Платон Евгеньевич 7 15 15 25 20 25 100 Победитель
Шехвиц Кирилл Романович 7 15 15 25 20 25 100 Победитель
Ходырев Максим Андреевич 7 15 15 25 20 25 100 Победитель
Чегодаев Алексей Александрович 7 15 15 25 20 25 100 Победитель
Жуковский Матвей Артёмович 7 15 13 25 20 25 98 Победитель
Стонт Артём Дмитриевич 7 10 15 25 20 25 95 Победитель
Ладыгин Артём Николаевич 7 10 15 25 20 25 95 Победитель
Бадюков Андрей Артёмович 7 15 15 20 18 25 93 Призёр II степени
Жуков Евгений Станиславович 7 15 13 20 20 25 93 Призёр II степени
Грудинин Арсений Станиславович 7 15 15 25 20 15 90 Призёр II степени
Кильдибеков Алмаз Салаватович 7 15 15 25 20 15 90 Призёр II степени
Голубева Анжелика Ильинична 7 15 15 25 20 15 90 Призёр II степени
Гусев Илья Григорьевич 7 15 15 25 20 15 90 Призёр II степени
Корепанов Даниил Денисович 7 15 5 25 20 25 90 Призёр II степени
Бурковская Дарья Романовна 7 15 15 25 20 15 90 Призёр II степени
Кораблинов Артём Дмитриевич 7 15 15 25 20 15 90 Призёр II степени
Лукин Владимир Сергеевич 7 15 15 10 20 25 85 Призёр III степени
Стригина Ирина Никитична 7 15 15 10 20 25 85 Призёр III степени
Бельский Владимир Владимирович 7 15 0 25 20 25 85 Призёр III степени
Исмаилова Камилла Рауфовна 7 15 15 10 20 25 85 Призёр III степени
Пантелеев Роман Андреевич 7 15 15 10 20 25 85 Призёр III степени
Корнева Екатерина Сергеевна 7 15 0 25 20 25 85 Призёр III степени
Дубов Матвей Георгиевич 7 15 0 25 20 25 85 Призёр III степени
Ялалтдинов Камиль Маратович 7 15 0 25 20 25 85 Призёр III степени
Сотник Кирилл Олегович 7 15 15 10 20 25 85 Призёр III степени
Красулина Варвара Сергеевна 7 15 0 25 20 25 85 Призёр III степени
Гилязов Артур Раилевич 7 15 0 25 20 25 85 Призёр III степени
Щеголева Мария Денисовна 7 15 15 10 20 25 85 Призёр III степени
Крапивин Макар Дмитриевич 7 15 15 10 20 20 80 Призёр III степени
Синельников Сергей Дмитриевич 7 15 0 20 20 25 80 Призёр III степени
Зиннатуллин Кирилл Максимович 7 15 15 0 20 25 75 Призёр III степени
Карашевич Степан Константинович 7 15 0 25 10 25 75 Призёр III степени
Чеховских Федор Андреевич 7 15 15 0 20 25 75 Призёр III степени
Клевин Герман Антонович 7 10 15 20 20 10 75 Призёр III степени
Головнина Есения Петровна 7 15 0 25 20 15 75 Призёр III степени
Филатов Даниил Андреевич 7 15 15 25 20 0 75 Призёр III степени
Брюханов Алексей Игоревич 7 8 15 10 15 25 73 Призёр III степени
56547 7 10 15 25 0 20 70 Участник
42661 7 15 0 10 20 25 70 Участник
156819 7 15 0 25 20 10 70 Участник
42824 7 15 0 25 20 10 70 Участник
4259 7 15 15 10 20 10 70 Участник
100593 7 10 15 25 20 0 70 Участник
147865 7 15 0 20 20 15 70 Участник
38923 7 15 15 20 10 10 70 Участник
155576 7 15 15 20 0 15 65 Участник
39813 7 15 0 25 0 25 65 Участник
73274 7 15 0 20 20 10 65 Участник
9116 7 15 15 25 0 10 65 Участник
19426 7 15 0 25 0 25 65 Участник
37916 7 15 0 25 15 10 65 Участник
107124 7 10 15 10 15 15 65 Участник
127787 7 15 0 20 20 10 65 Участник
24477 7 10 15 10 20 10 65 Участник
90291 7 15 15 10 20 0 60 Участник
92052 7 15 0 25 20 0 60 Участник
39507 7 15 15 10 20 0 60 Участник
30855 7 15 0 25 20 0 60 Участник
39722 7 15 15 10 20 0 60 Участник
141269 7 15 13 10 0 20 58 Участник
20591 7 15 15 25 0 0 55 Участник
72002 7 15 0 20 20 0 55 Участник
19190 7 10 15 0 20 10 55 Участник
38427 7 15 0 20 20 0 55 Участник
12048 7 15 0 25 0 15 55 Участник
163579 7 10 0 10 20 15 55 Участник
52916 7 15 0 20 20 0 55 Участник
155415 7 15 15 25 0 0 55 Участник
157022 7 15 0 10 20 10 55 Участник
13925 7 10 13 10 20 0 53 Участник
5262 7 8 0 10 20 15 53 Участник
12154 7 15 0 25 0 10 50 Участник
12236 7 15 15 0 20 0 50 Участник
156273 7 15 0 10 0 25 50 Участник
47114 7 15 15 0 0 20 50 Участник
36307 7 0 15 10 0 25 50 Участник
135944 7 10 0 10 20 10 50 Участник
31030 7 15 15 0 20 0 50 Участник
5569 7 10 0 25 15 0 50 Участник
4585 7 15 15 20 0 0 50 Участник
21822 7 10 15 10 15 0 50 Участник
116406 7 15 15 0 10 10 50 Участник
11403 7 15 0 10 0 25 50 Участник
27630 7 15 13 0 20 0 48 Участник
150929 7 8 0 20 18 0 46 Участник
45182 7 10 0 15 20 0 45 Участник
40935 7 15 0 10 20 0 45 Участник
94029 7 10 15 10 0 10 45 Участник
38043 7 15 15 0 0 15 45 Участник
35813 7 10 0 25 0 10 45 Участник
10683 7 10 15 10 0 10 45 Участник
104273 7 10 15 0 15 0 40 Участник
103988 7 15 15 10 0 0 40 Участник
59617 7 15 0 0 20 0 35 Участник
87050 7 10 0 0 0 25 35 Участник
83438 7 15 0 10 0 10 35 Участник
137365 7 15 0 10 10 0 35 Участник
155220 7 10 0 10 15 0 35 Участник
138167 7 10 15 10 0 0 35 Участник
88980 7 15 0 20 0 0 35 Участник
35457 7 10 15 10 0 0 35 Участник
34070 7 15 0 20 0 0 35 Участник
126319 7 15 0 0 20 0 35 Участник
121635 7 15 0 10 10 0 35 Участник
5385 7 15 0 10 0 10 35 Участник
52177 7 15 0 0 20 0 35 Участник
38476 7 15 0 10 0 10 35 Участник
13094 7 15 0 0 20 0 35 Участник
144244 7 15 0 10 0 10 35 Участник
20175 7 15 0 0 20 0 35 Участник
46812 7 15 15 0 0 0 30 Участник
39941 7 15 15 0 0 0 30 Участник
99322 7 15 0 10 0 5 30 Участник
92597 7 15 0 15 0 0 30 Участник
93853 7 10 0 0 20 0 30 Участник
138135 7 15 0 0 0 15 30 Участник
154785 7 8 0 10 0 10 28 Участник
152126 7 8 0 0 18 0 26 Участник
30334 7 15 0 10 0 0 25 Участник
43455 7 10 0 0 15 0 25 Участник
97337 7 15 0 10 0 0 25 Участник
14779 7 10 0 0 15 0 25 Участник
111678 7 15 0 0 0 10 25 Участник
154074 7 10 0 15 0 0 25 Участник
45358 7 15 10 0 0 0 25 Участник
54559 7 8 0 15 0 0 23 Участник
138826 7 10 0 10 0 0 20 Участник
154723 7 15 0 0 0 5 20 Участник
156797 7 15 0 5 0 0 20 Участник
100199 7 10 0 10 0 0 20 Участник
145968 7 10 0 10 0 0 20 Участник
151878 7 8 0 10 0 0 18 Участник
41559 7 15 0 0 0 0 15 Участник
143634 7 15 0 0 0 0 15 Участник
4775 7 15 0 0 0 0 15 Участник
113808 7 15 0 0 0 0 15 Участник
37442 7 15 0 0 0 0 15 Участник
55058 7 15 0 0 0 0 15 Участник
80355 7 15 0 0 0 0 15 Участник
136337 7 15 0 0 0 0 15 Участник
49441 7 15 0 0 0 0 15 Участник
160081 7 15 0 0 0 0 15 Участник
14774 7 15 0 0 0 0 15 Участник
42575 7 15 0 0 0 0 15 Участник
120323 7 15 0 0 0 0 15 Участник
160267 7 15 0 0 0 0 15 Участник
154643 7 10 5 0 0 0 15 Участник
106401 7 15 0 0 0 0 15 Участник
27149 7 15 0 0 0 0 15 Участник
154570 7 15 0 0 0 0 15 Участник
43008 7 15 0 0 0 0 15 Участник
33020 7 15 0 0 0 0 15 Участник
155240 7 10 0 0 0 0 10 Участник
69799 7 10 0 0 0 0 10 Участник
40583 7 10 0 0 0 0 10 Участник
45456 7 10 0 0 0 0 10 Участник
144472 7 10 0 0 0 0 10 Участник
97715 7 0 0 10 0 0 10 Участник
150596 7 10 0 0 0 0 10 Участник
138693 7 10 0 0 0 0 10 Участник
156375 7 10 0 0 0 0 10 Участник
92162 7 0 0 10 0 0 10 Участник
64798 7 0 0 10 0 0 10 Участник
118698 7 3 0 0 5 0 8 Участник
154003 7 8 0 0 0 0 8 Участник
15049 7 0 0 0 0 5 5 Участник
41001 7 3 0 0 0 0 3 Участник
153432 7 3 0 0 0 0 3 Участник
158916 7 3 0 0 0 0 3 Участник
151873 7 3 0 0 0 0 3 Участник
74306 7 0 0 0 0 0 0 Участник
157336 7 0 0 0 0 0 0 Участник
98191 7 0 0 0 0 0 0 Участник
32977 7 0 0 0 0 0 0 Участник
60891 7 0 0 0 0 0 0 Участник
33176 7 0 0 0 0 0 0 Участник
33312 7 0 0 0 0 0 0 Участник
40689 7 0 0 0 0 0 0 Участник
107407 7 0 0 0 0 0 0 Участник
Козленко Александр Денисович 8 20 15 15 20 30 100 Победитель
Соложенцев Михаил Алексеевич 8 20 15 15 20 30 100 Победитель
Бебнев Кирилл Александрович 8 20 15 15 20 30 100 Победитель
Павлов Иван Иванович 8 20 15 15 20 30 100 Победитель
Табала Ирина Михайловна 8 18 15 15 20 30 98 Победитель
Гришаев Николай Анатольевич 8 20 12 15 20 30 97 Победитель
Чубейко Лев Андреевич 8 20 15 15 15 30 95 Призёр II степени
Попов Александр Денисович 8 15 15 15 20 30 95 Призёр II степени
Гончаров Арнольд Сергеевич 8 20 15 15 20 20 90 Призёр II степени
Дьячков Тимофей Алексеевич 8 20 0 15 20 30 85 Призёр III степени
Смирнов Дмитрий Евгеньевич 8 20 0 15 20 30 85 Призёр III степени
Березов Максим Владимирович 8 20 15 15 15 20 85 Призёр III степени
Ромкин Дмитрий Станиславович 8 20 0 15 20 30 85 Призёр III степени
Мошников Георгий Евгеньевич 8 3 15 15 20 30 83 Призёр III степени
Стрижков Данил Михайлович 8 10 7 15 20 30 82 Призёр III степени
Маркевич Аполлинария Игоревна 8 3 15 14 20 30 82 Призёр III степени
Ильин Андрей Владимирович 8 20 15 15 0 30 80 Призёр III степени
Шилин Кирилл Евгеньевич 8 8 10 12 20 30 80 Призёр III степени
Красиков Максим Сергеевич 8 20 15 15 0 30 80 Призёр III степени
Феоктистов Ярослав Сергеевич 8 20 12 15 20 10 77 Призёр III степени
Шартдинов Степан Владимирович 8 20 10 15 20 10 75 Призёр III степени
Саниев Ильдар Флюсович 8 10 0 15 20 30 75 Призёр III степени
38239 8 20 7 15 0 30 72 Участник
18337 8 20 15 15 20 0 70 Участник
28976 8 20 15 15 20 0 70 Участник
10852 8 20 15 15 20 0 70 Участник
21448 8 20 15 15 20 0 70 Участник
41210 8 20 0 14 15 20 69 Участник
111389 8 20 15 12 20 0 67 Участник
16971 8 20 0 15 20 10 65 Участник
36612 8 20 10 15 20 0 65 Участник
39521 8 15 15 15 20 0 65 Участник
129519 8 20 0 15 20 10 65 Участник
32242 8 15 15 15 20 0 65 Участник
131373 8 10 15 15 20 0 60 Участник
10644 8 10 15 15 20 0 60 Участник
12915 8 8 15 15 20 0 58 Участник
89599 8 20 15 14 8 0 57 Участник
25277 8 10 15 12 20 0 57 Участник
146589 8 10 12 14 20 0 56 Участник
72403 8 20 0 15 20 0 55 Участник
115315 8 10 7 15 20 0 52 Участник
37796 8 10 7 15 20 0 52 Участник
149602 8 3 10 15 20 0 48 Участник
156095 8 18 9 0 20 0 47 Участник
163858 8 8 10 14 15 0 47 Участник
112966 8 10 15 0 20 0 45 Участник
24408 8 10 0 15 20 0 45 Участник
40914 8 10 0 15 20 0 45 Участник
29492 8 20 10 0 15 0 45 Участник
155106 8 0 7 15 20 0 42 Участник
41098 8 10 15 15 0 0 40 Участник
123247 8 20 0 0 20 0 40 Участник
39882 8 20 15 5 0 0 40 Участник
35092 8 20 0 0 20 0 40 Участник
155693 8 10 15 15 0 0 40 Участник
154946 8 0 15 5 20 0 40 Участник
13095 8 10 15 15 0 0 40 Участник
28972 8 8 15 15 0 0 38 Участник
165017 8 18 0 0 20 0 38 Участник
162631 8 0 0 15 20 0 35 Участник
140764 8 20 0 15 0 0 35 Участник
40682 8 0 0 15 20 0 35 Участник
6471 8 0 0 15 20 0 35 Участник
155812 8 20 15 0 0 0 35 Участник
28119 8 20 0 14 0 0 34 Участник
92130 8 18 0 15 0 0 33 Участник
83276 8 15 0 14 3 0 32 Участник
100585 8 0 0 0 20 10 30 Участник
12269 8 8 0 14 8 0 30 Участник
33726 8 20 0 9 0 0 29 Участник
94976 8 10 0 0 15 0 25 Участник
32543 8 15 0 9 0 0 24 Участник
123588 8 8 0 15 0 0 23 Участник
21996 8 3 0 0 20 0 23 Участник
30563 8 10 7 5 0 0 22 Участник
153325 8 0 0 0 20 0 20 Участник
7972 8 0 15 0 0 0 15 Участник
3344 8 0 0 15 0 0 15 Участник
7248 8 0 0 14 0 0 14 Участник
89102 8 0 10 0 3 0 13 Участник
156738 8 8 0 0 0 0 8 Участник
117109 8 0 0 0 0 0 0 Участник
28977 8 0 0 0 0 0 0 Участник
101965 8 0 0 0 0 0 0 Участник
154360 8 0 0 0 0 0 0 Участник
161533 8 0 0 0 0 0 0 Участник
160720 8 0 0 0 0 0 0 Участник
52520 8 0 0 0 0 0 0 Участник
Зверюгин Вячеслав Евгеньевич 9 15 20 20 15 30 100 Победитель
Пашин Борис Денисович 9 15 20 15 15 30 95 Победитель
Салашенков Артур Александрович 9 15 5 20 15 30 85 Победитель
Серегин Ярослав Константинович 9 15 0 20 15 30 80 Победитель
Хайрутдинов Даниил Павлович 9 0 20 10 15 30 75 Победитель
Репрынцев Кирилл Тенгизович 9 15 20 0 10 30 75 Победитель
Коростелев Фёдор Андреевич 9 15 0 20 15 20 70 Призёр II степени
Владимиров Алексей Алексеевич 9 15 0 10 15 30 70 Призёр II степени
Рогов Антон Юрьевич 9 15 0 10 15 30 70 Призёр II степени
Беляев Андрей Максимович 9 15 20 20 15 0 70 Призёр II степени
Лысцев Данил Алексеевич 9 15 18 0 15 20 68 Призёр III степени
Баратова Алина Джабраиловна 9 0 0 20 15 30 65 Призёр III степени
Рахматуллоева Мижгона Хушрузовна 9 15 18 17 15 0 65 Призёр III степени
Науменко Фёдор Максимович 9 15 10 20 15 0 60 Призёр III степени
Соколов Артём Александрович 9 15 0 0 15 30 60 Призёр III степени
Лысков Олег Владиславович 9 15 0 0 15 30 60 Призёр III степени
Науменко Владимир Станиславович 9 0 0 20 10 30 60 Призёр III степени
Кулуева Нелли Ильшатовна 9 15 18 10 15 0 58 Призёр III степени
Сотниченко Михаил Дмитриевич 9 15 0 10 3 30 58 Призёр III степени
Захаров Роман Александрович 9 12 10 20 15 0 57 Призёр III степени
Миронов Степан Андреевич 9 12 0 10 15 20 57 Призёр III степени
Макарова Елена Романовна 9 0 0 15 8 30 53 Призёр III степени
41211 9 15 0 20 15 0 50 Участник
17217 9 15 0 10 15 10 50 Участник
128817 9 15 0 20 15 0 50 Участник
159262 9 15 0 20 15 0 50 Участник
101265 9 15 0 20 15 0 50 Участник
95560 9 15 0 20 15 0 50 Участник
40527 9 15 0 20 15 0 50 Участник
144577 9 12 0 20 15 0 47 Участник
160483 9 15 0 15 15 0 45 Участник
18130 9 15 0 0 10 20 45 Участник
51495 9 15 0 15 15 0 45 Участник
19064 9 15 0 20 3 5 43 Участник
14964 9 15 0 10 15 0 40 Участник
158766 9 15 0 10 15 0 40 Участник
115298 9 10 0 15 15 0 40 Участник
162934 9 15 0 10 15 0 40 Участник
17416 9 12 0 10 15 0 37 Участник
154735 9 12 0 10 15 0 37 Участник
34119 9 15 0 20 0 0 35 Участник
9491 9 12 0 20 3 0 35 Участник
100206 9 0 0 20 15 0 35 Участник
39331 9 15 0 20 0 0 35 Участник
110301 9 15 0 10 10 0 35 Участник
133654 9 15 0 10 8 0 33 Участник
110161 9 12 20 0 0 0 32 Участник
21755 9 15 0 0 15 0 30 Участник
138623 9 15 0 0 15 0 30 Участник
154733 9 10 0 10 10 0 30 Участник
4826 9 15 0 0 15 0 30 Участник
28654 9 15 10 0 3 0 28 Участник
157080 9 12 0 0 15 0 27 Участник
125101 9 0 0 10 15 0 25 Участник
52828 9 15 0 0 10 0 25 Участник
65431 9 15 0 0 10 0 25 Участник
119717 9 0 0 0 15 10 25 Участник
62480 9 15 0 10 0 0 25 Участник
104204 9 15 0 10 0 0 25 Участник
114513 9 15 0 0 10 0 25 Участник
158746 9 10 0 0 15 0 25 Участник
154944 9 15 0 0 3 5 23 Участник
24258 9 12 0 0 10 0 22 Участник
40939 9 12 0 0 10 0 22 Участник
139890 9 0 0 10 10 0 20 Участник
58981 9 12 0 0 8 0 20 Участник
32626 9 15 5 0 0 0 20 Участник
118117 9 12 0 0 3 5 20 Участник
10386 9 15 0 0 3 0 18 Участник
110517 9 15 0 0 0 0 15 Участник
129915 9 0 0 0 15 0 15 Участник
160909 9 0 0 0 15 0 15 Участник
51983 9 15 0 0 0 0 15 Участник
19295 9 10 0 0 0 0 10 Участник
38726 9 0 0 0 10 0 10 Участник
164925 9 10 0 0 0 0 10 Участник
126365 9 5 0 0 0 0 5 Участник
126837 9 0 5 0 0 0 5 Участник
142554 9 5 0 0 0 0 5 Участник
111538 9 0 0 0 0 0 0 Участник
113406 9 0 0 0 0 0 0 Участник
139394 9 0 0 0 0 0 0 Участник
112307 9 0 0 0 0 0 0 Участник
106963 9 0 0 0 0 0 0 Участник
121890 9 0 0 0 0 0 0 Участник
39403 9 0 0 0 0 0 0 Участник
84078 9 0 0 0 0 0 0 Участник
119984 9 0 0 0 0 0 0 Участник
152840 9 0 0 0 0 0 0 Участник
66062 9 0 0 0 0 0 0 Участник
154469 9 0 0 0 0 0 0 Участник
118409 9 0 0 0 0 0 0 Участник
18156 9 0 0 0 0 0 0 Участник
164921 9 0 0 0 0 0 0 Участник
45954 9 0 0 0 0 0 0 Участник
125642 9 0 0 0 0 0 0 Участник
96887 9 0 0 0 0 0 0 Участник
Крестьянинов Тимофей Максимович 10 10 15 18 17 20 20 100 Победитель
Тукмаков Максим Валерьевич 10 10 7 18 17 20 20 92 Победитель
Федотов Матвей Сергеевич 10 10 7 18 17 20 20 92 Победитель
Уполовников Кирилл Леонидович 10 10 7 18 17 20 20 92 Победитель
Брылин Михаил Иванович 10 10 15 5 17 20 20 87 Победитель
Евдокимов Кирилл Сергеевич 10 10 15 18 0 20 20 83 Победитель
Терехов Савелий Владимирович 10 10 15 18 0 20 20 83 Победитель
Федулов Константин Станиславович 10 10 15 18 0 20 20 83 Победитель
Черепанов Артем Александрович 10 10 15 18 0 20 20 83 Победитель
Энс Фёдор Александрович 10 10 15 18 0 20 20 83 Победитель
Козлов Владимир Владимирович 10 10 15 10 17 20 10 82 Победитель
Войтенков Павел Сергеевич 10 10 15 0 17 20 20 82 Победитель
Алтухов Максим Иванович 10 10 15 10 17 10 20 82 Победитель
Прокофьев Александр Владимирович 10 10 15 18 17 20 0 80 Победитель
Ляпин Арсений Александрович 10 10 15 18 17 20 0 80 Победитель
Абрамов Макар Денисович 10 10 15 15 17 20 0 77 Призёр II степени
Елисеев Алексей Павлович 10 10 8 18 0 20 20 76 Призёр II степени
Дроганов Никита Максимович 10 10 7 18 0 20 20 75 Призёр II степени
Одинцов Тимофей Вадимович 10 10 7 0 17 20 20 74 Призёр II степени
Денисов Дмитрий Денисович 10 10 15 18 0 10 20 73 Призёр II степени
Власова Стефания Владимировна 10 10 15 10 17 20 0 72 Призёр II степени
Смородинов Дмитрий Максимович 10 10 15 10 17 20 0 72 Призёр II степени
Рахметуллин Тимур Айдарович 10 10 15 18 17 0 10 70 Призёр II степени
Гуревич Михаэль Семенович 10 10 15 15 0 20 10 70 Призёр II степени
Лагутин Андрей Станиславович 10 10 7 5 17 20 10 69 Призёр II степени
Рябов Михаил Андреевич 10 10 0 18 0 20 20 68 Призёр II степени
Андреев Константин Алексеевич 10 10 0 18 0 20 20 68 Призёр II степени
Ишенина Юлия Павловна 10 10 15 15 17 10 0 67 Призёр II степени
Володин Тимофей Романович 10 10 15 5 17 0 20 67 Призёр II степени
Байрачный Георгий Алексеевич 10 10 18 0 17 20 0 65 Призёр III степени
Бубнов Кирилл Сергеевич 10 10 15 0 0 20 20 65 Призёр III степени
Трофимов Виктор Иванович 10 10 15 0 0 20 20 65 Призёр III степени
Аникеев Александр Артёмович 10 10 0 18 17 0 20 65 Призёр III степени
Ким Никита Александрович 10 10 7 0 17 20 10 64 Призёр III степени
Хватов Алексей Евгеньевич 10 10 7 10 17 20 0 64 Призёр III степени
Каныгин Михаил Андреевич 10 10 15 18 0 10 10 63 Призёр III степени
Молодченко Федор Юрьевич 10 10 15 18 0 20 0 63 Призёр III степени
Жулимов Руслан Алексеевич 10 10 15 18 0 20 0 63 Призёр III степени
Якуткин Михаил Владимирович 10 10 15 18 0 20 0 63 Призёр III степени
Лаптев Илья Валерьевич 10 10 15 0 17 20 0 62 Призёр III степени
Захаров Артём Дмитриевич 10 10 15 0 17 20 0 62 Призёр III степени
Сычёв Сергей Андреевич 10 10 15 0 17 20 0 62 Призёр III степени
Сырбу Иван Ильич 10 10 15 0 17 20 0 62 Призёр III степени
Гельфер Максим Дмитриевич 10 10 15 0 17 20 0 62 Призёр III степени
Вайс Михаил Юрьевич 10 10 15 0 17 20 0 62 Призёр III степени
Карелин Владислав Вячеславович 10 10 15 10 17 10 0 62 Призёр III степени
Даешев Адель Ринатович 10 10 15 0 17 20 0 62 Призёр III степени
Сергеев Егор Михайлович 10 10 15 5 0 20 10 60 Призёр III степени
8123 10 10 7 5 17 20 0 59 Участник
133793 10 10 7 0 0 20 20 57 Участник
142966 10 10 0 10 17 20 0 57 Участник
145505 10 10 0 0 17 20 10 57 Участник
109713 10 10 15 5 17 10 0 57 Участник
103745 10 10 7 0 0 20 20 57 Участник
155939 10 10 15 10 0 20 0 55 Участник
110458 10 10 15 10 0 20 0 55 Участник
136715 10 10 15 0 0 20 10 55 Участник
129140 10 10 15 18 0 0 10 53 Участник
39995 10 10 15 0 17 10 0 52 Участник
126411 10 10 15 0 17 10 0 52 Участник
93889 10 10 15 0 17 10 0 52 Участник
71008 10 10 0 5 17 20 0 52 Участник
153176 10 0 15 0 17 0 20 52 Участник
154169 10 10 0 5 17 0 20 52 Участник
25480 10 10 15 5 0 20 0 50 Участник
118408 10 5 0 5 0 20 20 50 Участник
106986 10 0 0 18 0 10 20 48 Участник
137758 10 10 7 0 0 20 10 47 Участник
1377 10 10 7 0 0 20 10 47 Участник
114730 10 10 0 0 17 0 20 47 Участник
113638 10 10 7 0 0 20 10 47 Участник
111852 10 10 7 0 0 20 10 47 Участник
48039 10 10 7 0 0 20 10 47 Участник
146656 10 10 15 0 0 20 0 45 Участник
110757 10 10 0 5 0 10 20 45 Участник
44482 10 10 7 18 0 10 0 45 Участник
133606 10 10 15 0 0 20 0 45 Участник
99480 10 10 15 0 0 20 0 45 Участник
149337 10 10 15 10 0 10 0 45 Участник
153493 10 10 15 0 0 20 0 45 Участник
152017 10 10 8 0 17 10 0 45 Участник
124907 10 10 15 10 0 10 0 45 Участник
18946 10 10 7 10 17 0 0 44 Участник
56052 10 10 7 10 17 0 0 44 Участник
33492 10 10 7 0 17 10 0 44 Участник
69812 10 10 7 0 17 10 0 44 Участник
112770 10 10 7 0 17 10 0 44 Участник
155413 10 10 15 18 0 0 0 43 Участник
99507 10 10 15 18 0 0 0 43 Участник
98981 10 10 15 18 0 0 0 43 Участник
14971 10 10 7 15 0 10 0 42 Участник
130043 10 10 7 5 0 20 0 42 Участник
158334 10 10 15 0 17 0 0 42 Участник
156816 10 10 15 0 15 0 0 40 Участник
114805 10 10 15 5 0 10 0 40 Участник
68839 10 10 15 5 0 10 0 40 Участник
109182 10 10 15 5 0 10 0 40 Участник
93330 10 10 15 0 15 0 0 40 Участник
49015 10 10 15 15 0 0 0 40 Участник
98794 10 10 7 5 17 0 0 39 Участник
22512 10 10 7 5 17 0 0 39 Участник
65913 10 10 7 0 0 20 0 37 Участник
128032 10 10 7 0 0 10 10 37 Участник
110726 10 10 7 0 0 20 0 37 Участник
10894 10 10 0 10 17 0 0 37 Участник
47023 10 10 7 10 0 0 10 37 Участник
49507 10 10 7 0 0 20 0 37 Участник
27618 10 10 15 0 0 10 0 35 Участник
110310 10 10 15 0 0 10 0 35 Участник
43670 10 10 15 0 0 10 0 35 Участник
112014 10 10 15 0 0 10 0 35 Участник
93902 10 10 15 0 0 10 0 35 Участник
87025 10 10 15 0 0 10 0 35 Участник
116792 10 10 15 10 0 0 0 35 Участник
118155 10 10 15 0 0 10 0 35 Участник
109256 10 10 15 10 0 0 0 35 Участник
110605 10 10 15 0 0 10 0 35 Участник
143768 10 10 15 0 0 10 0 35 Участник
138385 10 10 15 10 0 0 0 35 Участник
105468 10 10 0 5 0 0 20 35 Участник
53250 10 10 15 0 0 0 10 35 Участник
131709 10 10 7 0 17 0 0 34 Участник
109116 10 10 7 0 17 0 0 34 Участник
9306 10 10 7 0 17 0 0 34 Участник
38413 10 10 0 0 0 20 0 30 Участник
154311 10 10 15 5 0 0 0 30 Участник
94938 10 10 0 0 0 20 0 30 Участник
130084 10 10 0 0 0 20 0 30 Участник
133141 10 10 0 18 0 0 0 28 Участник
38439 10 10 7 0 0 10 0 27 Участник
119312 10 10 0 0 17 0 0 27 Участник
112754 10 10 7 0 0 10 0 27 Участник
116277 10 10 7 0 0 10 0 27 Участник
128957 10 10 7 0 0 10 0 27 Участник
71257 10 10 7 0 0 10 0 27 Участник
112405 10 10 7 10 0 0 0 27 Участник
155862 10 10 7 0 0 10 0 27 Участник
126793 10 10 7 0 0 0 10 27 Участник
155845 10 10 7 0 0 10 0 27 Участник
157390 10 10 7 0 0 10 0 27 Участник
112339 10 10 7 0 0 10 0 27 Участник
133484 10 10 15 0 0 0 0 25 Участник
110427 10 10 15 0 0 0 0 25 Участник
157710 10 10 15 0 0 0 0 25 Участник
109948 10 10 0 5 0 10 0 25 Участник
111689 10 10 0 5 0 10 0 25 Участник
152003 10 10 15 0 0 0 0 25 Участник
34238 10 10 15 0 0 0 0 25 Участник
158816 10 0 15 0 0 10 0 25 Участник
110882 10 10 15 0 0 0 0 25 Участник
110623 10 10 15 0 0 0 0 25 Участник
116941 10 10 15 0 0 0 0 25 Участник
154638 10 10 15 0 0 0 0 25 Участник
68421 10 10 0 5 0 10 0 25 Участник
58578 10 10 0 5 0 10 0 25 Участник
118443 10 10 0 5 0 10 0 25 Участник
156093 10 10 15 0 0 0 0 25 Участник
13280 10 10 0 5 0 10 0 25 Участник
151713 10 5 0 18 0 0 0 23 Участник
127449 10 10 8 5 0 0 0 23 Участник
164364 10 10 7 5 0 0 0 22 Участник
110198 10 10 0 0 0 10 0 20 Участник
124169 10 10 0 10 0 0 0 20 Участник
42529 10 10 0 0 0 10 0 20 Участник
121061 10 10 0 0 0 10 0 20 Участник
22569 10 10 0 10 0 0 0 20 Участник
133009 10 10 0 0 0 10 0 20 Участник
156932 10 10 0 0 0 10 0 20 Участник
38292 10 10 0 10 0 0 0 20 Участник
157621 10 10 0 0 0 10 0 20 Участник
114073 10 10 0 0 0 10 0 20 Участник
164510 10 10 0 0 0 10 0 20 Участник
109272 10 10 0 0 0 10 0 20 Участник
60131 10 5 0 5 0 10 0 20 Участник
76150 10 10 0 10 0 0 0 20 Участник
127600 10 10 0 0 0 10 0 20 Участник
102626 10 10 7 0 0 0 0 17 Участник
109735 10 10 7 0 0 0 0 17 Участник
6531 10 10 7 0 0 0 0 17 Участник
154889 10 10 7 0 0 0 0 17 Участник
131844 10 10 7 0 0 0 0 17 Участник
92548 10 10 7 0 0 0 0 17 Участник
131082 10 10 7 0 0 0 0 17 Участник
52340 10 10 0 5 0 0 0 15 Участник
58126 10 10 0 5 0 0 0 15 Участник
118196 10 0 15 0 0 0 0 15 Участник
112393 10 10 0 5 0 0 0 15 Участник
120397 10 10 0 5 0 0 0 15 Участник
158118 10 5 10 0 0 0 0 15 Участник
44538 10 10 0 5 0 0 0 15 Участник
119374 10 10 0 5 0 0 0 15 Участник
109303 10 0 7 5 0 0 0 12 Участник
127166 10 10 0 0 0 0 0 10 Участник
159693 10 10 0 0 0 0 0 10 Участник
94410 10 10 0 0 0 0 0 10 Участник
127958 10 10 0 0 0 0 0 10 Участник
113305 10 10 0 0 0 0 0 10 Участник
158438 10 10 0 0 0 0 0 10 Участник
152880 10 10 0 0 0 0 0 10 Участник
157234 10 10 0 0 0 0 0 10 Участник
149640 10 0 0 0 0 10 0 10 Участник
164642 10 10 0 0 0 0 0 10 Участник
138381 10 10 0 0 0 0 0 10 Участник
160644 10 10 0 0 0 0 0 10 Участник
17740 10 10 0 0 0 0 0 10 Участник
152018 10 10 0 0 0 0 0 10 Участник
151463 10 10 0 0 0 0 0 10 Участник
57317 10 10 0 0 0 0 0 10 Участник
152198 10 10 0 0 0 0 0 10 Участник
138379 10 10 0 0 0 0 0 10 Участник
133908 10 10 0 0 0 0 0 10 Участник
152362 10 10 0 0 0 0 0 10 Участник
150318 10 10 0 0 0 0 0 10 Участник
113126 10 10 0 0 0 0 0 10 Участник
163484 10 10 0 0 0 0 0 10 Участник
148133 10 0 7 0 0 0 0 7 Участник
94815 10 5 0 0 0 0 0 5 Участник
92736 10 0 0 0 0 0 0 0 Участник
114614 10 0 0 0 0 0 0 0 Участник
59487 10 0 0 0 0 0 0 0 Участник
162006 10 0 0 0 0 0 0 0 Участник
41011 10 0 0 0 0 0 0 0 Участник
33322 10 0 0 0 0 0 0 0 Участник
Кадыров Айрат Наилевич 11 15 10 18 17 20 20 100 Победитель
Панфилов Дмитрий Денисович 11 15 10 18 17 20 20 100 Победитель
Пугаков Егор Александрович 11 15 5 18 17 20 20 95 Победитель
Терентьев Ярослав Никитович 11 15 5 18 15 20 20 93 Победитель
Семенов Никита Витальевич 11 10 5 18 17 20 20 90 Победитель
Гайсин Рустам Альбертович 11 15 0 18 17 20 20 90 Победитель
Потанин Михаил Максимович 11 15 0 18 17 20 20 90 Победитель
Цыпкайкин Александр Анатольевич 11 15 0 18 17 20 20 90 Победитель
Коробов Никита Андреевич 11 15 0 18 17 20 20 90 Победитель
Бедретдинова Диляра Серветовна 11 15 5 18 17 13 20 88 Победитель
Галицкий Андрей Юрьевич 11 15 5 18 17 13 20 88 Победитель
Терехина Варвара Антоновна 11 15 5 18 17 13 20 88 Победитель
Герасимов Леонид Антонович 11 15 10 18 0 20 20 83 Победитель
Денежкин Илья Тимофеевич 11 15 0 10 17 20 20 82 Победитель
Сурнин Александр Олегович 11 0 5 18 17 20 20 80 Победитель
Несютин Глеб Антонович 11 15 0 18 17 10 20 80 Победитель
Шестопалова Анастасия Вячеславовна 11 15 10 18 17 20 0 80 Победитель
Титко Константин Евгеньевич 11 0 5 18 17 20 20 80 Победитель
Тютрин Тимур Михайлович 11 15 5 18 0 20 20 78 Призёр II степени
Шапошников Никита Вячеславович 11 15 0 5 17 20 20 77 Призёр II степени
Непеин Матвей Рустамович 11 15 5 0 17 20 20 77 Призёр II степени
Серафимова Ирина Олеговна 11 15 5 18 17 0 20 75 Призёр II степени
Севрюков Владислав Игоревич 11 15 0 18 0 20 20 73 Призёр II степени
Попов Олег Александрович 11 15 0 18 0 20 20 73 Призёр II степени
Юдакова Анна Леонидовна 11 0 5 10 17 20 20 72 Призёр II степени
Чеховских Михаил Андреевич 11 0 5 10 17 20 20 72 Призёр II степени
Бобков Виктор Сергеевич 11 0 5 10 17 20 20 72 Призёр II степени
Черченко Владислав Владимирович 11 15 0 18 17 20 0 70 Призёр II степени
Ченченко Даниил Денисович 11 5 10 18 15 0 20 68 Призёр II степени
Шпак Макар Андреевич 11 15 10 18 15 0 10 68 Призёр II степени
Шарыгин Святослав Владимирович 11 15 5 18 0 10 20 68 Призёр II степени
Валиуллин Альберт Рустемович 11 0 5 5 17 20 20 67 Призёр II степени
Латыпов Денис Вячеславович 11 0 0 10 17 20 20 67 Призёр II степени
Галяви Булат Рустемович 11 15 0 18 0 13 20 66 Призёр II степени
Галеев Рустем Русланович 11 15 0 18 0 13 20 66 Призёр II степени
Мирзоев Эмиль Закирович 11 15 0 18 0 13 20 66 Призёр II степени
Малышев Константин Викторович 11 0 0 5 17 20 20 62 Призёр II степени
Бодряков Ярослав Андреевич 11 15 5 18 17 6 0 61 Призёр II степени
Харьков Иван Андреевич 11 0 0 15 15 20 10 60 Призёр III степени
Щербаков Иван Андреевич 11 15 0 0 15 20 10 60 Призёр III степени
Исупов Кирилл Васильевич 11 15 0 18 0 7 20 60 Призёр III степени
Костевой Арсений Тимурович 11 0 10 10 0 20 20 60 Призёр III степени
Офицеров Александр Романович 11 15 5 0 0 20 20 60 Призёр III степени
Спорышева София Романовна 11 15 10 18 17 0 0 60 Призёр III степени
Опарин Евгений Юрьевич 11 15 0 18 17 0 10 60 Призёр III степени
Скобелев Александр Андреевич 11 15 0 18 0 6 20 59 Призёр III степени
Жук Александр Романович 11 0 0 18 0 20 20 58 Призёр III степени
Клисак Егор Викторович 11 0 0 10 17 20 10 57 Призёр III степени
Фулов Артём Михайлович 11 15 0 5 17 0 20 57 Призёр III степени
Крючков Степан Денисович 11 15 0 18 0 13 10 56 Призёр III степени
Дитрих Антон Александрович 11 0 5 5 15 20 10 55 Призёр III степени
Ткаченко Арэс Михайлович 11 15 5 10 15 0 10 55 Призёр III степени
Бурлакова Дарья Григорьевна 11 15 5 18 15 0 0 53 Призёр III степени
Добровольский Пётр Алексеевич 11 15 10 10 17 0 0 52 Призёр III степени
Буримечков Николай Николаевич 11 0 0 18 0 14 20 52 Призёр III степени
Меньшиков Андрей Сергеевич 11 0 5 0 17 20 10 52 Призёр III степени
Кабанцова Анна Юрьевна 11 0 0 18 0 13 20 51 Призёр III степени
Яшенина Дарья Михайловна 11 0 3 10 17 20 0 50 Призёр III степени
Бухштаб Максим Дмитриевич 11 0 0 0 17 13 20 50 Призёр III степени
Богославец Таисия Андреевна 11 15 0 18 17 0 0 50 Призёр III степени
Тошматов Азизджон Джамшедович 11 5 5 0 0 20 20 50 Призёр III степени
Коробицына Дарья Викторовна 11 15 0 18 17 0 0 50 Призёр III степени
Акберова Диана Марселевна 11 10 5 18 17 0 0 50 Призёр III степени
123069 11 5 0 0 17 7 20 49 Участник
119500 11 15 10 18 0 6 0 49 Участник
110125 11 0 0 0 17 20 10 47 Участник
114007 11 0 10 0 17 20 0 47 Участник
122247 11 0 0 10 17 20 0 47 Участник
72596 11 0 5 5 17 20 0 47 Участник
136205 11 0 0 0 17 20 10 47 Участник
105925 11 10 0 0 17 20 0 47 Участник
144525 11 5 5 0 17 0 20 47 Участник
93564 11 0 10 18 17 0 0 45 Участник
154124 11 15 10 0 0 0 20 45 Участник
16394 11 0 10 18 17 0 0 45 Участник
151245 11 0 0 0 17 17 10 44 Участник
22608 11 0 5 18 0 20 0 43 Участник
76785 11 0 5 18 0 0 20 43 Участник
6676 11 0 10 18 15 0 0 43 Участник
91409 11 15 0 18 0 0 10 43 Участник
73561 11 15 10 18 0 0 0 43 Участник
962 11 5 0 0 17 20 0 42 Участник
58323 11 15 10 0 17 0 0 42 Участник
16274 11 0 5 0 17 20 0 42 Участник
118760 11 0 5 0 17 20 0 42 Участник
80604 11 0 5 10 17 0 10 42 Участник
46354 11 15 10 0 17 0 0 42 Участник
163353 11 5 0 0 17 10 10 42 Участник
69485 11 0 5 0 17 0 20 42 Участник
78416 11 0 5 0 17 20 0 42 Участник
128002 11 0 0 5 17 20 0 42 Участник
90724 11 0 0 5 17 20 0 42 Участник
130044 11 5 5 5 17 0 10 42 Участник
37289 11 0 5 0 17 20 0 42 Участник
115793 11 0 10 15 15 0 0 40 Участник
76566 11 15 5 0 0 0 20 40 Участник
111319 11 0 10 0 0 20 10 40 Участник
59392 11 15 5 5 15 0 0 40 Участник
55268 11 0 5 18 17 0 0 40 Участник
150583 11 5 0 18 17 0 0 40 Участник
64767 11 0 0 0 0 20 20 40 Участник
32914 11 15 0 5 0 0 20 40 Участник
65243 11 15 0 5 0 0 20 40 Участник
125583 11 0 10 5 17 6 0 38 Участник
58043 11 5 0 0 17 6 10 38 Участник
164303 11 0 0 18 0 20 0 38 Участник
155852 11 0 0 18 0 0 20 38 Участник
111609 11 0 10 0 17 0 10 37 Участник
138662 11 15 5 0 17 0 0 37 Участник
16605 11 0 0 0 17 20 0 37 Участник
125421 11 0 5 5 17 0 10 37 Участник
79671 11 0 0 0 17 20 0 37 Участник
63801 11 0 3 0 17 17 0 37 Участник
159926 11 0 0 0 17 20 0 37 Участник
116665 11 0 5 15 17 0 0 37 Участник
155849 11 0 0 0 17 20 0 37 Участник
116485 11 0 0 0 17 0 20 37 Участник
124345 11 15 0 5 17 0 0 37 Участник
112694 11 5 0 0 17 14 0 36 Участник
102720 11 15 0 0 15 6 0 36 Участник
111635 11 0 5 0 0 10 20 35 Участник
154381 11 0 5 0 17 13 0 35 Участник
164539 11 0 0 18 17 0 0 35 Участник
116658 11 15 0 0 0 20 0 35 Участник
118281 11 5 0 5 15 0 10 35 Участник
165127 11 5 5 5 0 0 20 35 Участник
164628 11 0 0 18 17 0 0 35 Участник
115510 11 0 0 18 17 0 0 35 Участник
109639 11 15 5 0 15 0 0 35 Участник
128245 11 0 0 10 15 0 10 35 Участник
36238 11 0 0 0 17 17 0 34 Участник
114552 11 15 0 18 0 0 0 33 Участник
161496 11 15 5 0 0 13 0 33 Участник
116999 11 0 0 18 15 0 0 33 Участник
17660 11 5 0 0 17 0 10 32 Участник
153397 11 0 5 10 17 0 0 32 Участник
79447 11 0 5 0 17 0 10 32 Участник
153370 11 0 0 5 17 0 10 32 Участник
71528 11 5 0 0 17 10 0 32 Участник
123365 11 10 0 5 17 0 0 32 Участник
97673 11 0 5 0 17 0 10 32 Участник
40572 11 5 10 0 17 0 0 32 Участник
157144 11 5 5 5 17 0 0 32 Участник
82084 11 0 5 0 17 0 10 32 Участник
131985 11 15 0 0 17 0 0 32 Участник
37608 11 0 10 5 0 6 10 31 Участник
120028 11 5 5 0 0 20 0 30 Участник
24913 11 0 0 0 17 13 0 30 Участник
110856 11 0 5 5 0 0 20 30 Участник
112528 11 0 10 10 0 0 10 30 Участник
112354 11 0 0 0 17 13 0 30 Участник
153561 11 0 0 0 15 14 0 29 Участник
113646 11 0 0 0 15 13 0 28 Участник
143200 11 0 10 18 0 0 0 28 Участник
57775 11 0 5 0 17 6 0 28 Участник
18978 11 10 0 18 0 0 0 28 Участник
1400 11 0 0 5 17 6 0 28 Участник
71172 11 0 10 0 17 0 0 27 Участник
97009 11 0 10 0 17 0 0 27 Участник
154386 11 0 10 0 17 0 0 27 Участник
110953 11 0 10 0 17 0 0 27 Участник
119703 11 0 10 0 17 0 0 27 Участник
12747 11 0 0 0 17 0 10 27 Участник
73318 11 5 5 0 17 0 0 27 Участник
39548 11 0 5 5 17 0 0 27 Участник
76180 11 0 0 0 17 0 10 27 Участник
143295 11 0 0 0 17 10 0 27 Участник
113953 11 0 5 5 17 0 0 27 Участник
58964 11 5 5 0 17 0 0 27 Участник
31105 11 10 0 0 17 0 0 27 Участник
109852 11 0 5 5 17 0 0 27 Участник
155241 11 0 0 0 17 0 10 27 Участник
134440 11 0 5 5 17 0 0 27 Участник
111626 11 5 5 0 17 0 0 27 Участник
135013 11 0 10 0 17 0 0 27 Участник
98930 11 0 5 5 17 0 0 27 Участник
110454 11 5 5 0 17 0 0 27 Участник
60607 11 10 0 0 17 0 0 27 Участник
3922 11 0 5 18 0 3 0 26 Участник
17591 11 0 5 0 17 3 0 25 Участник
77846 11 0 5 0 17 3 0 25 Участник
58073 11 0 5 5 15 0 0 25 Участник
162304 11 0 5 0 0 0 20 25 Участник
120832 11 5 10 10 0 0 0 25 Участник
24418 11 15 0 10 0 0 0 25 Участник
110672 11 0 5 0 0 0 20 25 Участник
127441 11 0 0 10 15 0 0 25 Участник
101267 11 0 0 5 0 0 20 25 Участник
76429 11 0 0 18 0 6 0 24 Участник
39610 11 5 0 0 15 3 0 23 Участник
58102 11 0 5 0 15 3 0 23 Участник
8085 11 0 0 0 0 13 10 23 Участник
149840 11 5 0 18 0 0 0 23 Участник
139631 11 0 0 0 17 6 0 23 Участник
55931 11 0 5 0 17 0 0 22 Участник
154398 11 0 5 0 17 0 0 22 Участник
118224 11 0 0 5 17 0 0 22 Участник
112280 11 0 5 0 17 0 0 22 Участник
109410 11 0 5 0 17 0 0 22 Участник
110219 11 0 5 0 17 0 0 22 Участник
14309 11 0 5 0 17 0 0 22 Участник
2228 11 5 0 0 17 0 0 22 Участник
112489 11 0 5 0 17 0 0 22 Участник
153848 11 0 0 5 17 0 0 22 Участник
79891 11 15 0 0 0 7 0 22 Участник
119561 11 0 5 0 17 0 0 22 Участник
35750 11 0 5 0 17 0 0 22 Участник
58676 11 0 5 0 17 0 0 22 Участник
136404 11 5 0 0 17 0 0 22 Участник
59416 11 0 5 0 17 0 0 22 Участник
113814 11 0 5 0 17 0 0 22 Участник
162345 11 0 0 5 17 0 0 22 Участник
21714 11 0 5 0 17 0 0 22 Участник
95976 11 0 5 0 17 0 0 22 Участник
126229 11 0 0 5 17 0 0 22 Участник
156023 11 0 0 5 17 0 0 22 Участник
102779 11 0 5 0 17 0 0 22 Участник
110466 11 5 0 0 17 0 0 22 Участник
163025 11 5 0 0 17 0 0 22 Участник
164909 11 0 5 0 17 0 0 22 Участник
145765 11 0 0 5 17 0 0 22 Участник
129228 11 0 5 0 17 0 0 22 Участник
158144 11 0 0 0 15 6 0 21 Участник
122681 11 0 0 18 0 3 0 21 Участник
127359 11 0 5 0 15 0 0 20 Участник
58055 11 0 0 0 0 0 20 20 Участник
124509 11 0 0 0 17 3 0 20 Участник
18067 11 0 10 0 0 0 10 20 Участник
147488 11 0 5 15 0 0 0 20 Участник
65136 11 0 3 0 17 0 0 20 Участник
164338 11 0 0 5 15 0 0 20 Участник
53610 11 0 5 0 15 0 0 20 Участник
121802 11 0 5 0 15 0 0 20 Участник
123770 11 0 5 0 15 0 0 20 Участник
40051 11 0 5 0 15 0 0 20 Участник
113631 11 0 5 0 15 0 0 20 Участник
112932 11 0 5 0 15 0 0 20 Участник
41725 11 0 5 0 15 0 0 20 Участник
148062 11 0 0 0 0 20 0 20 Участник
146565 11 15 5 0 0 0 0 20 Участник
131813 11 0 0 18 0 0 0 18 Участник
153222 11 0 0 18 0 0 0 18 Участник
46858 11 0 5 0 0 13 0 18 Участник
49915 11 0 0 0 17 0 0 17 Участник
58103 11 0 0 0 17 0 0 17 Участник
12553 11 0 0 0 17 0 0 17 Участник
113176 11 0 0 0 17 0 0 17 Участник
136068 11 0 0 0 17 0 0 17 Участник
935 11 0 0 0 17 0 0 17 Участник
119415 11 0 0 0 17 0 0 17 Участник
123369 11 0 0 0 17 0 0 17 Участник
100161 11 0 0 0 17 0 0 17 Участник
153360 11 0 0 0 17 0 0 17 Участник
156171 11 0 0 0 17 0 0 17 Участник
19278 11 0 0 0 17 0 0 17 Участник
111508 11 0 0 0 17 0 0 17 Участник
133444 11 0 0 0 17 0 0 17 Участник
110491 11 0 0 0 17 0 0 17 Участник
109346 11 0 0 0 17 0 0 17 Участник
132412 11 0 0 0 17 0 0 17 Участник
58078 11 0 0 0 17 0 0 17 Участник
93870 11 0 0 0 17 0 0 17 Участник
92369 11 0 0 0 17 0 0 17 Участник
39935 11 0 0 0 17 0 0 17 Участник
15027 11 0 0 0 17 0 0 17 Участник
105893 11 0 0 0 17 0 0 17 Участник
114813 11 0 0 0 17 0 0 17 Участник
110742 11 0 0 0 17 0 0 17 Участник
132906 11 0 0 0 17 0 0 17 Участник
116927 11 0 0 0 17 0 0 17 Участник
110572 11 0 0 0 17 0 0 17 Участник
118418 11 0 0 0 17 0 0 17 Участник
40554 11 0 0 0 17 0 0 17 Участник
138890 11 0 0 0 17 0 0 17 Участник
156267 11 0 0 0 17 0 0 17 Участник
164215 11 0 0 0 17 0 0 17 Участник
109572 11 0 0 0 17 0 0 17 Участник
110479 11 0 0 0 17 0 0 17 Участник
163677 11 0 0 0 17 0 0 17 Участник
71762 11 0 0 0 17 0 0 17 Участник
119376 11 0 0 0 17 0 0 17 Участник
109864 11 0 0 0 15 0 0 15 Участник
41199 11 0 0 0 15 0 0 15 Участник
119514 11 0 0 0 15 0 0 15 Участник
130407 11 15 0 0 0 0 0 15 Участник
118273 11 0 0 0 15 0 0 15 Участник
109793 11 0 0 0 15 0 0 15 Участник
115661 11 0 0 0 15 0 0 15 Участник
72963 11 0 0 0 15 0 0 15 Участник
114804 11 0 0 0 15 0 0 15 Участник
127508 11 0 0 0 15 0 0 15 Участник
110475 11 0 0 0 15 0 0 15 Участник
96114 11 0 0 0 15 0 0 15 Участник
154048 11 0 0 0 0 13 0 13 Участник
954 11 0 10 0 0 0 0 10 Участник
20535 11 0 0 10 0 0 0 10 Участник
60613 11 0 0 0 0 0 10 10 Участник
1786 11 0 0 10 0 0 0 10 Участник
66103 11 0 0 0 0 10 0 10 Участник
22173 11 0 10 0 0 0 0 10 Участник
111104 11 0 10 0 0 0 0 10 Участник
163605 11 5 5 0 0 0 0 10 Участник
97740 11 0 5 5 0 0 0 10 Участник
105873 11 0 0 0 0 0 10 10 Участник
23968 11 0 10 0 0 0 0 10 Участник
130672 11 0 0 0 0 6 0 6 Участник
1593 11 0 0 5 0 0 0 5 Участник
112777 11 0 5 0 0 0 0 5 Участник
63281 11 0 5 0 0 0 0 5 Участник
19574 11 0 5 0 0 0 0 5 Участник
112782 11 0 5 0 0 0 0 5 Участник
35602 11 0 0 5 0 0 0 5 Участник
115019 11 0 0 5 0 0 0 5 Участник
137196 11 0 5 0 0 0 0 5 Участник
145274 11 0 5 0 0 0 0 5 Участник
127259 11 0 5 0 0 0 0 5 Участник
118343 11 0 5 0 0 0 0 5 Участник
61289 11 0 5 0 0 0 0 5 Участник
104613 11 0 5 0 0 0 0 5 Участник
156190 11 0 5 0 0 0 0 5 Участник
17571 11 0 5 0 0 0 0 5 Участник
111608 11 5 0 0 0 0 0 5 Участник
32587 11 0 5 0 0 0 0 5 Участник
113059 11 0 0 5 0 0 0 5 Участник
128150 11 0 0 5 0 0 0 5 Участник
110428 11 0 5 0 0 0 0 5 Участник
25401 11 0 5 0 0 0 0 5 Участник
71150 11 0 5 0 0 0 0 5 Участник
163450 11 0 5 0 0 0 0 5 Участник
71564 11 0 5 0 0 0 0 5 Участник
110743 11 0 0 5 0 0 0 5 Участник
127147 11 0 5 0 0 0 0 5 Участник
123510 11 0 0 0 0 0 0 0 Участник
135433 11 0 0 0 0 0 0 0 Участник
110532 11 0 0 0 0 0 0 0 Участник
123924 11 0 0 0 0 0 0 0 Участник
14170 11 0 0 0 0 0 0 0 Участник
24909 11 0 0 0 0 0 0 0 Участник
120921 11 0 0 0 0 0 0 0 Участник
58080 11 0 0 0 0 0 0 0 Участник
109643 11 0 0 0 0 0 0 0 Участник
59229 11 0 0 0 0 0 0 0 Участник
155400 11 0 0 0 0 0 0 0 Участник
109462 11 0 0 0 0 0 0 0 Участник
125876 11 0 0 0 0 0 0 0 Участник
161356 11 0 0 0 0 0 0 0 Участник
134079 11 0 0 0 0 0 0 0 Участник
147487 11 0 0 0 0 0 0 0 Участник
114324 11 0 0 0 0 0 0 0 Участник
66636 11 0 0 0 0 0 0 0 Участник
101560 11 0 0 0 0 0 0 0 Участник
68319 11 0 0 0 0 0 0 0 Участник
144913 11 0 0 0 0 0 0 0 Участник
150967 11 0 0 0 0 0 0 0 Участник
126025 11 0 0 0 0 0 0 0 Участник
116715 11 0 0 0 0 0 0 0 Участник
124910 11 0 0 0 0 0 0 0 Участник
147508 11 0 0 0 0 0 0 0 Участник
109987 11 0 0 0 0 0 0 0 Участник
74757 11 0 0 0 0 0 0 0 Участник
161837 11 0 0 0 0 0 0 0 Участник
53176 11 0 0 0 0 0 0 0 Участник
156752 11 0 0 0 0 0 0 0 Участник
131686 11 0 0 0 0 0 0 0 Участник
115616 11 0 0 0 0 0 0 0 Участник
109687 11 0 0 0 0 0 0 0 Участник
117440 11 0 0 0 0 0 0 0 Участник
160621 11 0 0 0 0 0 0 0 Участник
154411 11 0 0 0 0 0 0 0 Участник
149628 11 0 0 0 0 0 0 0 Участник
116727 11 0 0 0 0 0 0 0 Участник
59931 11 0 0 0 0 0 0 0 Участник
147737 11 0 0 0 0 0 0 0 Участник
37130 11 0 0 0 0 0 0 0 Участник
164983 11 0 0 0 0 0 0 0 Участник
111075 11 0 0 0 0 0 0 0 Участник
125312 11 0 0 0 0 0 0 0 Участник
116054 11 0 0 0 0 0 0 0 Участник
164174 11 0 0 0 0 0 0 0 Участник
58134 11 0 0 0 0 0 0 0 Участник
38553 11 0 0 0 0 0 0 0 Участник
134013 11 0 0 0 0 0 0 0 Участник
20253 11 0 0 0 0 0 0 0 Участник
64715 11 0 0 0 0 0 0 0 Участник
19523 11 0 0 0 0 0 0 0 Участник
86076 11 0 0 0 0 0 0 0 Участник
60018 11 0 0 0 0 0 0 0 Участник
148533 11 0 0 0 0 0 0 0 Участник
69482 11 0 0 0 0 0 0 0 Участник
85800 11 0 0 0 0 0 0 0 Участник
157752 11 0 0 0 0 0 0 0 Участник
131328 11 0 0 0 0 0 0 0 Участник
133400 11 0 0 0 0 0 0 0 Участник
160413 11 0 0 0 0 0 0 0 Участник
128466 11 0 0 0 0 0 0 0 Участник
117410 11 0 0 0 0 0 0 0 Участник
115733 11 0 0 0 0 0 0 0 Участник
155331 11 0 0 0 0 0 0 0 Участник
60867 11 0 0 0 0 0 0 0 Участник
120077 11 0 0 0 0 0 0 0 Участник
108712 11 0 0 0 0 0 0 0 Участник
29930 11 0 0 0 0 0 0 0 Участник
28640 7
89846 7
28635 7
36818 8
15407 8
54933 8
70459 8
92062 8
10755 8
126248 9
52418 9
74833 9
73823 9
22583 9
92850 9
33043 9
47471 9
17840 9
85148 9
3884 10
19162 10
115587 10
109396 10
Работа аннулирована
Работа аннулирована
Работа аннулирована
Работа аннулирована
Работа аннулирована
Работа аннулирована
Работа аннулирована
Работа аннулирована
Работа аннулирована
Работа аннулирована
Работа аннулирована
Работа аннулирована
Работа аннулирована
Работа аннулирована
Работа аннулирована
Работа аннулирована
Работа аннулирована
Работа аннулирована
Работа аннулирована
Работа аннулирована
Работа аннулирована
Работа аннулирована
Работа аннулирована
83476 10
71148 10
109943 10
47283 10
74732 10
153801 10
52164 10
130734 10
149651 10
101457 10
155917 10
13215 10
74859 10
17552 10
23180 10
124608 10
115056 10
117921 10
135022 10
151889 10
44484 10
159445 10
109868 10
65575 10
91280 10
17613 11
84994 11
163216 11
125069 11
155606 11
110340 11
148600 11
119244 11
Работа аннулирована
Работа аннулирована
Работа аннулирована
Работа аннулирована
Работа аннулирована
Работа аннулирована
Работа аннулирована
Работа аннулирована
Работа аннулирована
Работа аннулирована
Работа аннулирована
Работа аннулирована
Работа аннулирована
Работа аннулирована
Работа аннулирована
Работа аннулирована
Работа аннулирована
Работа аннулирована
Работа аннулирована
Работа аннулирована
Работа аннулирована
Работа аннулирована
Работа аннулирована
Работа аннулирована
Работа аннулирована
Работа аннулирована
Работа аннулирована
Работа аннулирована
Работа аннулирована
Работа аннулирована
Работа аннулирована
Работа аннулирована
Работа аннулирована
126249 11
100972 11
83263 11
152699 11
156488 11
117488 11
141940 11
1470 11
142306 11
153311 11
74359 11
154054 11
127256 11
112585 11
74929 11
110601 11
141294 11
155430 11
154302 11
157155 11
89572 11
115324 11
165154 11
115706 11
143430 11
14552 11
51245 11
136254 11
93380 11
109658 11
123266 11
153904 11
156065 11
Работа аннулирована
Работа аннулирована
Работа аннулирована
Работа аннулирована
Работа аннулирована
Работа аннулирована
Работа аннулирована
Работа аннулирована
Работа аннулирована
Работа аннулирована
Работа аннулирована
Работа аннулирована
Работа аннулирована
Работа аннулирована
Работа аннулирована
Работа аннулирована
Работа аннулирована
Работа аннулирована
Работа аннулирована
Работа аннулирована
Работа аннулирована
Работа аннулирована
Работа аннулирована
Работа аннулирована
Работа аннулирована
Работа аннулирована
Работа аннулирована
Работа аннулирована
Работа аннулирована
Работа аннулирована
Работа аннулирована
Работа аннулирована
Работа аннулирована
102318 11
147291 11
155200 11
62949 11
25422 11
57971 11
116025 11
127013 11
111392 11
101368 11
119902 11
116776 11
83984 11
101385 11
120286 11
109297 11
109473 11
109932 11
23569 11
125520 11
110777 11
129958 11
153374 11
111194 11
155258 11
115050 11
104942 11
17256 11
160203 11
160226 11
160123 11
Работа аннулирована
Работа аннулирована
Работа аннулирована
Работа аннулирована
Работа аннулирована
Работа аннулирована
Работа аннулирована
Работа аннулирована
Работа аннулирована
Работа аннулирована
Работа аннулирована
Работа аннулирована
Работа аннулирована
Работа аннулирована
Работа аннулирована
Работа аннулирована
Работа аннулирована
Работа аннулирована
Работа аннулирована
Работа аннулирована
Работа аннулирована
Работа аннулирована
Работа аннулирована
Работа аннулирована
Работа аннулирована
Работа аннулирована
Работа аннулирована
Работа аннулирована
Работа аннулирована
Работа аннулирована
Работа аннулирована