ФИО победителя/призера /
ID участника
Класс
участия Задание 1 Задание 2 Задание 3 Задание 4 Задание 5 Задание 6 Итого Статус
Сибагатуллина Нелли Ильшатовна 2 4 15 20 15 20 20 94 Победитель
Акимов Аким Алексеевич 2 1 15 0 15 10 25 66 Победитель
Данилов Анатолий Дмитриевич 2 0 12 5 0 20 25 62 Победитель
Петров Ярослав Иванович 2 0 1 1 15 20 25 62 Победитель
Глебов Марк Андреевич 2 4 15 16 0 0 25 60 Победитель
Соколов Михаил Иванович 2 3 7 5 0 20 25 60 Победитель
Лаушкин Илья Евгеньевич 2 0 12 1 0 20 25 58 Победитель
Афонин Андрей Геннадьевич 2 3 0 16 0 10 25 54 Победитель
Федотов Никита Юрьевич 2 0 0 5 0 20 25 50 Победитель
Ожогина Юлия Евгеньевна 2 1 0 0 0 20 25 46 Победитель
Побежимов Михаил Сергеевич 2 1 0 0 0 20 25 46 Победитель
Дедова Амина Александровна 2 0 0 1 0 20 25 46 Победитель
Касьян Михаил Антонович 2 5 0 5 0 10 25 45 Призёр II степени
Гусева Ксения Вячеславовна 2 0 0 5 0 15 25 45 Призёр II степени
Михалев Вячеслав Алексеевич 2 0 0 0 0 20 25 45 Призёр II степени
Желтов Александр Сергеевич 2 0 0 0 0 20 25 45 Призёр II степени
Закиров Эмиль Фанисович 2 1 7 1 0 10 25 44 Призёр II степени
Гончаренко Алексей Евгеньевич 2 3 0 5 0 10 25 43 Призёр II степени
Комолова Екатерина Александровна 2 1 0 1 10 10 20 42 Призёр II степени
Логинова Зоя Алексеевна 2 1 0 5 10 0 25 41 Призёр II степени
Лынов Александр Павлович 2 1 0 5 0 10 25 41 Призёр II степени
Бикбаув Тагир Ильдарович 2 5 0 1 0 10 25 41 Призёр II степени
Султанова Амина Денисовна 2 0 0 16 0 0 25 41 Призёр II степени
Бобров Роман Кириллович 2 1 0 5 0 10 25 41 Призёр II степени
Александрова Виктория Романовна 2 0 0 5 0 10 25 40 Призёр III степени
Каримова Алиса Филюсовна 2 0 15 0 0 0 25 40 Призёр III степени
Итоговые результаты
заключительного этапа Университетской олимпиады школьников "Бельчонок"
по информатике
2024-2025 учебный год
Сюпкаева Виктория Александровна 2 0 0 5 0 10 25 40 Призёр III степени
Шарафутдинова Сабина Азатовна 2 5 0 0 0 10 25 40 Призёр III степени
Мороз Полина Романовна 2 0 0 5 0 10 25 40 Призёр III степени
Горбунова Дарья Глебовна 2 1 15 5 2 15 1 39 Призёр III степени
Рубан Александр Иванович 2 3 0 1 0 10 25 39 Призёр III степени
Платов Лев Ильич 2 3 0 0 0 10 25 38 Призёр III степени
Чернова Александра Игоревна 2 1 7 5 0 0 25 38 Призёр III степени
Наумёнок Михаил Романович 2 1 1 1 0 10 25 38 Призёр III степени
Котляр Владимир Иванович 2 0 12 0 0 0 25 37 Призёр III степени
Маскинскова Мирослава Игоревна 2 1 0 1 0 10 25 37 Призёр III степени
Шевченко Михаил Павлович 2 1 0 0 0 10 25 36 Призёр III степени
Ильина Лада Александровна 2 0 0 0 0 10 25 35 Призёр III степени
Тютин Даниил Антонович 2 0 0 0 0 10 25 35 Призёр III степени
Петрова Виктория Витальевна 2 3 0 5 0 0 25 33 Призёр III степени
Сладких Григорий Максимович 2 1 0 5 0 1 25 32 Призёр III степени
77772 2 0 0 5 0 1 25 31 Участник
84049 2 0 0 5 0 0 25 30 Участник
89523 2 1 0 1 2 1 25 30 Участник
65238 2 0 0 0 0 10 20 30 Участник
77556 2 1 0 1 0 0 25 27 Участник
58234 2 1 0 0 0 1 25 27 Участник
66175 2 1 0 0 0 1 25 27 Участник
77827 2 1 0 1 0 0 25 27 Участник
100346 2 1 0 0 0 0 25 26 Участник
58375 2 1 0 5 0 20 0 26 Участник
90660 2 0 0 0 0 1 25 26 Участник
70347 2 0 0 1 0 0 25 26 Участник
64543 2 0 0 0 0 1 25 26 Участник
72752 2 1 0 0 0 0 25 26 Участник
92556 2 0 0 1 0 0 25 26 Участник
39735 2 0 0 0 0 1 25 26 Участник
83688 2 1 0 0 0 0 25 26 Участник
104515 2 0 0 1 0 0 25 26 Участник
74303 2 1 0 0 0 0 25 26 Участник
94370 2 0 0 1 0 0 25 26 Участник
98790 2 0 0 0 0 1 25 26 Участник
70128 2 0 0 0 0 0 25 25 Участник
98165 2 0 0 0 0 0 25 25 Участник
103270 2 0 0 0 0 0 25 25 Участник
84041 2 0 0 0 0 0 25 25 Участник
61677 2 0 0 0 0 0 25 25 Участник
102852 2 0 0 0 0 0 25 25 Участник
64404 2 0 0 0 0 0 25 25 Участник
68105 2 0 0 0 0 0 25 25 Участник
94353 2 0 0 0 0 0 25 25 Участник
62469 2 0 0 0 0 0 25 25 Участник
95005 2 0 0 0 0 0 25 25 Участник
73643 2 0 0 0 0 0 25 25 Участник
83331 2 0 0 0 0 0 25 25 Участник
29238 2 1 1 1 0 1 20 24 Участник
83469 2 0 0 1 0 1 20 22 Участник
92731 2 0 0 0 0 20 1 21 Участник
104253 2 0 0 0 0 20 1 21 Участник
95371 2 0 0 0 0 20 1 21 Участник
96918 2 0 0 1 0 0 20 21 Участник
92921 2 1 15 1 2 0 1 20 Участник
24454 2 0 0 0 0 0 20 20 Участник
95607 2 0 0 0 0 0 20 20 Участник
79514 2 1 12 5 0 0 0 18 Участник
81331 2 1 0 5 0 10 1 17 Участник
65657 2 1 0 5 0 10 0 16 Участник
66715 2 1 0 0 0 0 15 16 Участник
59210 2 0 0 0 0 15 1 16 Участник
62929 2 4 0 1 10 0 0 15 Участник
70872 2 0 0 0 0 10 1 11 Участник
63982 2 1 0 0 0 10 0 11 Участник
87616 2 0 0 0 0 10 1 11 Участник
90210 2 0 0 5 2 0 1 8 Участник
70384 2 5 0 1 0 1 1 8 Участник
77567 2 1 0 5 0 1 0 7 Участник
62742 2 0 0 5 0 0 1 6 Участник
78587 2 0 0 5 0 0 1 6 Участник
76526 2 0 0 0 0 5 1 6 Участник
90552 2 4 0 0 0 0 1 5 Участник
84244 2 0 0 5 0 0 0 5 Участник
78803 2 0 0 5 0 0 0 5 Участник
92232 2 3 0 0 0 0 1 4 Участник
65497 2 0 0 1 0 1 1 3 Участник
64484 2 3 0 0 0 0 0 3 Участник
59312 2 1 0 1 0 0 1 3 Участник
69179 2 0 1 0 0 1 0 2 Участник
84198 2 0 0 0 0 1 1 2 Участник
84758 2 1 0 0 0 0 1 2 Участник
68424 2 0 0 1 0 0 1 2 Участник
92621 2 0 0 0 0 1 1 2 Участник
89760 2 0 0 1 0 0 1 2 Участник
93631 2 0 0 0 0 1 1 2 Участник
92254 2 1 0 1 0 0 0 2 Участник
61442 2 0 0 0 0 1 1 2 Участник
84454 2 0 0 1 0 0 1 2 Участник
97550 2 1 0 0 0 1 0 2 Участник
65496 2 1 0 0 0 1 0 2 Участник
24029 2 0 0 0 0 0 1 1 Участник
97837 2 1 0 0 0 0 0 1 Участник
86303 2 0 0 1 0 0 0 1 Участник
101948 2 0 0 0 0 0 1 1 Участник
60247 2 0 0 0 0 0 1 1 Участник
73434 2 0 0 0 0 1 0 1 Участник
99115 2 0 0 0 0 0 1 1 Участник
92313 2 0 0 0 0 0 1 1 Участник
102552 2 1 0 0 0 0 0 1 Участник
76605 2 0 0 0 0 0 1 1 Участник
93808 2 0 0 0 0 0 1 1 Участник
83264 2 0 0 0 0 0 1 1 Участник
62054 2 1 0 0 0 0 0 1 Участник
59934 2 0 0 0 0 0 1 1 Участник
94548 2 0 0 0 0 0 1 1 Участник
73666 2 0 0 0 0 0 1 1 Участник
98027 2 0 0 0 0 1 0 1 Участник
92584 2 0 0 0 0 0 1 1 Участник
84643 2 0 0 0 0 0 1 1 Участник
91835 2 0 0 0 0 0 1 1 Участник
91188 2 0 0 0 0 0 1 1 Участник
93788 2 0 0 0 0 0 1 1 Участник
94904 2 0 0 0 0 0 1 1 Участник
74586 2 0 0 0 0 1 0 1 Участник
77180 2 0 0 0 0 1 0 1 Участник
58391 2 0 0 0 0 1 0 1 Участник
76388 2 0 0 0 0 0 1 1 Участник
60234 2 0 0 0 0 0 1 1 Участник
84262 2 0 0 0 0 0 1 1 Участник
93763 2 0 0 0 0 0 1 1 Участник
77124 2 1 0 0 0 0 0 1 Участник
98764 2 0 0 1 0 0 0 1 Участник
93992 2 0 0 1 0 0 0 1 Участник
95387 2 0 0 0 0 0 0 0 Участник
62024 2 0 0 0 0 0 0 0 Участник
84058 2 0 0 0 0 0 0 0 Участник
67704 2 0 0 0 0 0 0 0 Участник
74086 2 0 0 0 0 0 0 0 Участник
84648 2 0 0 0 0 0 0 0 Участник
62808 2 0 0 0 0 0 0 0 Участник
58956 2 0 0 0 0 0 0 0 Участник
95451 2 0 0 0 0 0 0 0 Участник
58274 2 0 0 0 0 0 0 0 Участник
72055 2 0 0 0 0 0 0 0 Участник
92412 2 0 0 0 0 0 0 0 Участник
59093 2 0 0 0 0 0 0 0 Участник
94452 2 0 0 0 0 0 0 0 Участник
84668 2 0 0 0 0 0 0 0 Участник
Олейник Егор Никитич 3 1 15 10 15 22 30 93 Победитель
Сайфуллина Адель Ренатовна 3 8 7 10 15 22 30 92 Победитель
Калеев Владислав Евгеньевич 3 6 12 5 15 22 30 90 Победитель
Медведев Николай Сергеевич 3 8 15 1 15 15 30 84 Победитель
Ковалева Екатерина Дмитриевна 3 6 15 10 0 22 30 83 Победитель
Селиванова Алиса Витальевна 3 8 12 5 8 22 25 80 Победитель
Чухонцев Дмитрий Игоревич 3 8 15 10 0 15 30 78 Победитель
Панкратов Александр Иванович 3 1 15 10 15 22 15 78 Победитель
Еркеев Тимур Русланович 3 1 12 8 8 22 20 71 Победитель
Ксенофонтов Михаил Валерьевич 3 1 15 3 0 22 30 71 Победитель
Конева Варвара Денисовна 3 3 7 1 15 15 30 71 Победитель
Потапов Ярослав Владимирович 3 8 0 10 0 22 30 70 Победитель
Ермеев Артём Маратович 3 1 12 3 0 22 30 68 Победитель
Дедик Тимофей Антонович 3 1 1 10 8 22 25 67 Победитель
Хузиев Даниил Ильнурович 3 0 12 0 0 22 30 64 Победитель
Полякова Юлия Сергеевна 3 6 12 0 0 15 30 63 Призёр II степени
Балабасова Юлия Дмитриевна 3 6 0 5 0 22 30 63 Призёр II степени
Чернов Тимофей Анатольевич 3 8 15 10 0 0 30 63 Призёр II степени
Шарин Михаил Игоревич 3 8 15 5 0 15 20 63 Призёр II степени
Пироцкая Ирина Станиславовна 3 0 0 0 8 22 30 60 Призёр II степени
Санников Константин Владиславович 3 6 0 0 8 15 30 59 Призёр II степени
Федотов Михаил Андреевич 3 8 15 10 0 0 25 58 Призёр II степени
Дербенева Ирина Сергеевна 3 1 1 10 15 0 30 57 Призёр II степени
Асиновский Лев Станиславович 3 8 1 0 1 22 25 57 Призёр II степени
Сафронов Федор Иванович 3 6 0 5 0 15 30 56 Призёр II степени
Руднев Артем Кириллович 3 0 0 3 0 22 30 55 Призёр II степени
Реутов Степан Евгеньевич 3 1 0 1 1 22 30 55 Призёр II степени
Елизаров Степан Максимович 3 0 1 5 1 22 25 54 Призёр II степени
Юсина Софья Валентиновна 3 6 12 5 1 15 15 54 Призёр II степени
Бачурина Мария Дмитриевна 3 8 15 10 0 0 20 53 Призёр II степени
Малеков Дамир Рашидович 3 1 1 5 0 15 30 52 Призёр II степени
Семенов Сергей Сергеевич 3 6 15 8 8 15 0 52 Призёр II степени
Гайнуллина Екатерина Игоревна 3 0 7 0 0 15 30 52 Призёр II степени
Гарафутдинова Амалия Равилевна 3 8 12 1 8 22 0 51 Призёр II степени
Кадомцев Роман Денисович 3 1 0 5 15 0 30 51 Призёр II степени
Власов Евгений Сергеевич 3 8 12 8 0 22 0 50 Призёр III степени
Зеленин Дмитрий Михайлович 3 8 1 5 0 15 20 49 Призёр III степени
Шарафутдинов Шарафутдинова Артур 3 6 0 5 15 22 0 48 Призёр III степени
Серёдкин Артём Николаевич 3 8 7 0 15 15 2 47 Призёр III степени
Кузьмина Александра Михайловна 3 0 15 1 8 22 0 46 Призёр III степени
Трофименков Кирилл Иванович 3 8 12 5 0 15 5 45 Призёр III степени
Поспелова Антонина Константиновна 3 3 15 5 0 22 0 45 Призёр III степени
Ванюшкин Грант Иванович 3 0 15 0 0 0 30 45 Призёр III степени
Шарафутдинова Дина Азатовна 3 6 12 5 0 22 0 45 Призёр III степени
Литярин Тимофей Вячеславович 3 1 15 10 1 15 2 44 Призёр III степени
Афанасьев Марк Дмитриевич 3 1 1 3 8 15 15 43 Призёр III степени
Лупанов Севастьян Дмитриевич 3 8 7 10 0 15 2 42 Призёр III степени
Соколов Степан Павлович 3 0 0 0 0 22 20 42 Призёр III степени
Борисов Роман Александрович 3 8 7 8 0 15 2 40 Призёр III степени
Голубева Стефания Васильевна 3 1 12 5 0 22 0 40 Призёр III степени
Колесникова Яна Александровна 3 1 1 5 8 22 2 39 Призёр III степени
Янгиров Артур Альбертович 3 0 0 8 8 22 0 38 Призёр III степени
Ильина Екатерина Александровна 3 0 12 0 1 22 2 37 Призёр III степени
Марачёв Александр Андреевич 3 6 1 10 0 0 20 37 Призёр III степени
Колесников Савелий Леонидович 3 0 0 5 0 22 10 37 Призёр III степени
Каримова Полина Артуровна 3 0 15 5 15 2 0 37 Призёр III степени
Мосев Роман Валерьевич 3 0 7 5 0 22 2 36 Призёр III степени
Макаров Фёдор Викторович 3 1 0 0 0 15 20 36 Призёр III степени
79040 3 6 1 3 0 15 10 35 Участник
45705 3 8 0 3 0 22 2 35 Участник
27387 3 1 7 1 1 22 2 34 Участник
11623 3 1 1 0 8 22 2 34 Участник
51873 3 1 0 3 8 22 0 34 Участник
88143 3 0 0 1 8 0 25 34 Участник
50921 3 1 7 10 15 0 0 33 Участник
6931 3 8 15 0 0 0 10 33 Участник
31626 3 0 0 3 0 15 15 33 Участник
98411 3 1 0 0 0 22 10 33 Участник
98658 3 1 1 5 0 15 10 32 Участник
12738 3 8 15 5 0 2 2 32 Участник
8785 3 1 1 8 0 22 0 32 Участник
22804 3 1 1 5 0 0 25 32 Участник
19715 3 0 12 5 15 0 0 32 Участник
68192 3 1 1 5 0 22 2 31 Участник
28750 3 8 1 5 0 15 2 31 Участник
30741 3 1 12 1 0 15 2 31 Участник
47617 3 0 0 5 0 15 10 30 Участник
51683 3 0 0 0 15 15 0 30 Участник
79295 3 6 7 1 0 0 15 29 Участник
98466 3 1 12 0 1 15 0 29 Участник
5263 3 0 0 5 0 22 2 29 Участник
10414 3 1 1 3 0 22 2 29 Участник
32383 3 1 1 5 0 22 0 29 Участник
92260 3 8 15 5 0 0 0 28 Участник
99156 3 0 1 5 0 2 20 28 Участник
80962 3 6 0 0 0 22 0 28 Участник
64614 3 0 0 5 8 15 0 28 Участник
89188 3 6 1 0 0 0 20 27 Участник
39319 3 8 1 1 0 15 2 27 Участник
19139 3 6 1 5 0 15 0 27 Участник
51614 3 1 1 1 0 22 2 27 Участник
18414 3 0 1 0 0 15 10 26 Участник
78181 3 1 0 5 0 0 20 26 Участник
42182 3 1 0 3 0 22 0 26 Участник
52656 3 0 1 0 0 0 25 26 Участник
38602 3 0 0 0 0 0 25 25 Участник
97508 3 0 0 0 0 22 2 24 Участник
48944 3 0 0 0 0 22 2 24 Участник
44055 3 0 0 0 0 22 2 24 Участник
28114 3 0 0 1 8 0 15 24 Участник
45417 3 1 0 0 1 22 0 24 Участник
92270 3 1 0 1 1 0 20 23 Участник
50021 3 1 0 0 0 22 0 23 Участник
45482 3 0 7 1 0 15 0 23 Участник
76179 3 8 0 0 0 15 0 23 Участник
9240 3 0 12 1 8 0 2 23 Участник
36059 3 1 0 0 0 22 0 23 Участник
91991 3 1 0 0 0 22 0 23 Участник
23868 3 1 1 1 0 0 20 23 Участник
41193 3 3 12 5 0 0 2 22 Участник
81476 3 8 7 5 0 0 2 22 Участник
68955 3 0 0 0 0 22 0 22 Участник
51251 3 0 0 5 0 15 2 22 Участник
98145 3 0 0 0 0 22 0 22 Участник
50688 3 8 7 5 0 0 2 22 Участник
17198 3 6 0 5 8 0 2 21 Участник
105927 3 1 0 5 0 15 0 21 Участник
10238 3 0 0 0 0 0 20 20 Участник
100045 3 0 0 3 0 15 2 20 Участник
47565 3 8 7 5 0 0 0 20 Участник
13874 3 0 0 5 0 15 0 20 Участник
20847 3 0 12 5 1 0 2 20 Участник
47486 3 0 0 5 0 15 0 20 Участник
38505 3 1 1 0 1 15 2 20 Участник
100528 3 0 0 5 0 0 15 20 Участник
88345 3 1 1 0 0 15 2 19 Участник
94195 3 0 0 3 1 15 0 19 Участник
17308 3 1 0 1 0 15 2 19 Участник
26314 3 1 0 1 0 15 2 19 Участник
40237 3 1 0 1 0 15 2 19 Участник
105920 3 1 0 3 0 15 0 19 Участник
10614 3 1 0 0 0 15 2 18 Участник
63651 3 1 7 0 0 0 10 18 Участник
63532 3 1 12 5 0 0 0 18 Участник
58656 3 1 1 0 0 15 0 17 Участник
84409 3 1 0 1 0 15 0 17 Участник
54301 3 1 1 0 0 15 0 17 Участник
86390 3 1 0 0 1 0 15 17 Участник
59631 3 1 1 0 0 0 15 17 Участник
98797 3 1 0 1 0 15 0 17 Участник
7767 3 0 1 0 1 15 0 17 Участник
89885 3 1 1 0 0 15 0 17 Участник
24305 3 1 0 1 0 15 0 17 Участник
76593 3 1 0 0 1 15 0 17 Участник
90031 3 0 0 0 0 15 2 17 Участник
12288 3 0 1 0 0 0 15 16 Участник
12135 3 1 0 0 0 15 0 16 Участник
10859 3 0 1 0 0 15 0 16 Участник
32011 3 1 0 5 8 0 2 16 Участник
77034 3 1 0 0 15 0 0 16 Участник
99881 3 1 0 5 8 0 2 16 Участник
49979 3 0 0 0 0 15 0 15 Участник
4753 3 0 0 0 0 15 0 15 Участник
51799 3 0 7 0 8 0 0 15 Участник
5275 3 0 0 5 0 0 10 15 Участник
13657 3 0 0 0 0 15 0 15 Участник
99697 3 1 7 5 1 0 0 14 Участник
79444 3 8 1 5 0 0 0 14 Участник
101190 3 8 0 5 0 0 0 13 Участник
39119 3 0 0 5 8 0 0 13 Участник
42685 3 8 0 5 0 0 0 13 Участник
72141 3 1 1 3 5 0 2 12 Участник
37553 3 0 12 0 0 0 0 12 Участник
51261 3 0 7 5 0 0 0 12 Участник
9791 3 8 1 0 0 0 2 11 Участник
13128 3 1 7 3 0 0 0 11 Участник
69263 3 6 0 5 0 0 0 11 Участник
61010 3 6 1 1 0 0 2 10 Участник
69139 3 1 7 1 1 0 0 10 Участник
83203 3 6 1 1 0 0 2 10 Участник
93230 3 1 1 3 4 0 0 9 Участник
9092 3 6 1 0 0 0 2 9 Участник
5847 3 1 7 0 0 0 0 8 Участник
88489 3 1 0 5 0 0 2 8 Участник
89557 3 1 7 0 0 0 0 8 Участник
16238 3 8 0 0 0 0 0 8 Участник
81908 3 0 0 0 8 0 0 8 Участник
86399 3 0 0 0 8 0 0 8 Участник
80609 3 0 0 5 0 0 2 7 Участник
40467 3 1 1 5 0 0 0 7 Участник
10830 3 1 0 5 1 0 0 7 Участник
46645 3 1 1 5 0 0 0 7 Участник
25173 3 1 1 5 0 0 0 7 Участник
88836 3 1 1 2 0 0 2 6 Участник
103359 3 1 0 5 0 0 0 6 Участник
9624 3 1 0 5 0 0 0 6 Участник
93825 3 1 0 5 0 0 0 6 Участник
20554 3 1 0 5 0 0 0 6 Участник
74886 3 1 1 0 1 0 2 5 Участник
92852 3 1 0 2 0 0 2 5 Участник
8667 3 1 1 0 0 0 2 4 Участник
16618 3 0 1 3 0 0 0 4 Участник
68106 3 1 1 0 0 0 2 4 Участник
80028 3 0 1 3 0 0 0 4 Участник
71185 3 1 1 0 0 0 2 4 Участник
82279 3 1 1 1 0 0 0 3 Участник
92633 3 1 0 0 0 0 2 3 Участник
92320 3 1 0 0 0 0 2 3 Участник
8606 3 0 0 2 0 0 0 2 Участник
54147 3 0 0 0 0 0 2 2 Участник
54893 3 0 0 0 0 0 2 2 Участник
98636 3 0 0 1 1 0 0 2 Участник
88880 3 0 0 0 0 0 2 2 Участник
21863 3 0 0 1 1 0 0 2 Участник
77462 3 1 0 1 0 0 0 2 Участник
33161 3 1 0 1 0 0 0 2 Участник
79502 3 0 0 0 0 0 2 2 Участник
42694 3 1 1 0 0 0 0 2 Участник
29036 3 1 0 1 0 0 0 2 Участник
70868 3 0 0 0 0 0 2 2 Участник
21631 3 0 0 1 0 0 0 1 Участник
100288 3 0 0 1 0 0 0 1 Участник
31165 3 0 0 1 0 0 0 1 Участник
8277 3 0 0 1 0 0 0 1 Участник
62812 3 0 0 1 0 0 0 1 Участник
100457 3 0 0 1 0 0 0 1 Участник
26141 3 1 0 0 0 0 0 1 Участник
30220 3 0 0 1 0 0 0 1 Участник
70850 3 0 0 1 0 0 0 1 Участник
95878 3 0 1 0 0 0 0 1 Участник
86257 3 0 0 1 0 0 0 1 Участник
19981 3 0 0 0 0 0 0 0 Участник
89120 3 0 0 0 0 0 0 0 Участник
43231 3 0 0 0 0 0 0 0 Участник
90030 3 0 0 0 0 0 0 0 Участник
81935 3 0 0 0 0 0 0 0 Участник
87625 3 0 0 0 0 0 0 0 Участник
39248 3 0 0 0 0 0 0 0 Участник
28900 3 0 0 0 0 0 0 0 Участник
11574 3 0 0 0 0 0 0 0 Участник
90574 3 0 0 0 0 0 0 0 Участник
64795 3 0 0 0 0 0 0 0 Участник
Чернецов Захар Андреевич 4 25 15 15 20 25 100 Победитель
Мацко Тимофей Алексеевич 4 25 0 15 20 25 85 Победитель
Кабаков Платон Андреевич 4 25 15 0 20 15 75 Победитель
Шиханов Максим Сергеевич 4 25 15 10 5 20 75 Победитель
Ерков Егор Денисович 4 15 0 15 20 25 75 Победитель
Пшеничных Платон Александрович 4 0 15 15 20 25 75 Победитель
Симаков Роман Николаевич 4 25 0 0 20 25 70 Победитель
Чегодаева Мария Александровна 4 5 15 15 5 25 65 Победитель
Химич Валерия Александровна 4 0 15 15 20 15 65 Победитель
Тихов Лев Александрович 4 5 15 0 20 25 65 Победитель
Николаев Николай Михайлович 4 25 0 15 20 0 60 Победитель
Панюта Алексей Дмитриевич 4 0 15 0 20 25 60 Победитель
Аскарова Риана Тимуровна 4 10 15 10 0 25 60 Победитель
Дударев Никита Романович 4 5 15 15 0 25 60 Победитель
Машуков Илья Русланович 4 0 3 10 20 25 58 Победитель
Валинуров Руслан Тимурович 4 25 12 5 0 15 57 Победитель
Гундарина Юлия Александровна 4 25 15 15 0 0 55 Призёр II степени
Якубовский Илья Никитич 4 10 0 0 20 25 55 Призёр II степени
Краснов Степан Васильевич 4 25 15 15 0 0 55 Призёр II степени
Локшин Семён Андреевич 4 5 5 15 0 25 50 Призёр II степени
Кузина Екатерина Ивановна 4 25 5 0 20 0 50 Призёр II степени
Кочнев Владимир Сергеевич 4 5 0 0 20 25 50 Призёр II степени
Тарелкин Иван Алексеевич 4 5 0 0 20 25 50 Призёр II степени
Зароднюк Роман Максимович 4 15 5 15 0 10 45 Призёр III степени
Демина Злата Ильинична 4 25 0 15 0 5 45 Призёр III степени
Малахов Григорий Денисович 4 0 0 0 20 25 45 Призёр III степени
Островский Кирилл Антонович 4 0 15 0 10 20 45 Призёр III степени
Зорина Анна Сергеевна 4 5 0 10 20 10 45 Призёр III степени
Стефанюк Кирилл Сергеевич 4 5 0 10 5 25 45 Призёр III степени
Шабунин Денис Викторович 4 0 0 15 5 25 45 Призёр III степени
Улупов Лев Максимович 4 0 5 10 5 23 43 Призёр III степени
Ползиков Андрей Максимович 4 5 3 5 5 25 43 Призёр III степени
Морошкин Дмитрий Дмитриевич 4 5 0 0 20 15 40 Призёр III степени
Будин Захар Алексеевич 4 0 0 5 20 15 40 Призёр III степени
Байдюсенов Эльдар Багланович 4 25 15 0 0 0 40 Призёр III степени
Сафронов Михаил Алексеевич 4 5 5 0 5 25 40 Призёр III степени
Градобоева Мария Евгеньевна 4 0 0 15 0 25 40 Призёр III степени
Ильин Всеволод Александрович 4 5 15 0 20 0 40 Призёр III степени
Мурашкин Гордей Викторович 4 10 3 15 5 5 38 Призёр III степени
Пичугин Андрей Андреевич 4 10 5 0 5 18 38 Призёр III степени
Кальк Анна Вадимовна 4 5 12 0 20 0 37 Призёр III степени
Скачков Григорий Игоревич 4 7 0 10 20 0 37 Призёр III степени
Кириллов Андрей Сергеевич 4 0 15 15 0 5 35 Призёр III степени
Мещеряков Дмитрий Павлович 4 0 0 0 10 25 35 Призёр III степени
Суродейкин Святослав Николаевич 4 0 0 10 0 25 35 Призёр III степени
Колыванов Александр Юрьевич 4 0 15 10 0 10 35 Призёр III степени
Савицкий Дмитрий Николаевич 4 0 3 0 5 25 33 Призёр III степени
Боричев Артемий Александрович 4 10 15 0 0 7 32 Призёр III степени
31253 4 0 0 10 20 0 30 Участник
48085 4 0 0 0 5 25 30 Участник
48021 4 0 0 0 5 25 30 Участник
61747 4 5 0 0 0 25 30 Участник
10613 4 5 5 0 20 0 30 Участник
40727 4 10 0 15 5 0 30 Участник
103424 4 5 0 0 0 25 30 Участник
95438 4 5 0 0 0 25 30 Участник
104066 4 10 0 0 20 0 30 Участник
37699 4 15 0 15 0 0 30 Участник
96345 4 0 12 5 0 13 30 Участник
4870 4 0 3 5 0 20 28 Участник
9208 4 0 12 10 5 0 27 Участник
4112 4 5 0 0 0 22 27 Участник
91107 4 0 0 5 20 0 25 Участник
56279 4 5 0 0 5 15 25 Участник
66277 4 20 0 0 5 0 25 Участник
70059 4 0 0 0 0 25 25 Участник
4371 4 5 0 0 0 20 25 Участник
18581 4 0 0 0 0 25 25 Участник
29106 4 0 0 0 0 25 25 Участник
102025 4 5 0 0 0 20 25 Участник
46247 4 0 15 10 0 0 25 Участник
38858 4 25 0 0 0 0 25 Участник
31350 4 5 0 5 0 15 25 Участник
48086 4 5 3 0 0 15 23 Участник
40669 4 0 3 0 20 0 23 Участник
88475 4 5 0 0 0 15 20 Участник
4954 4 0 5 10 5 0 20 Участник
101870 4 5 0 15 0 0 20 Участник
74532 4 10 0 5 5 0 20 Участник
12061 4 0 0 0 20 0 20 Участник
69629 4 0 0 0 20 0 20 Участник
72955 4 5 0 0 5 10 20 Участник
20196 4 0 5 0 5 10 20 Участник
45668 4 5 0 0 5 10 20 Участник
49575 4 0 0 0 0 20 20 Участник
21899 4 5 5 10 0 0 20 Участник
23568 4 0 0 0 0 20 20 Участник
52087 4 0 0 0 20 0 20 Участник
89651 4 5 0 0 0 15 20 Участник
92047 4 5 0 10 5 0 20 Участник
7717 4 7 3 0 5 0 15 Участник
62743 4 0 0 15 0 0 15 Участник
52096 4 0 0 0 0 15 15 Участник
15342 4 0 15 0 0 0 15 Участник
60515 4 5 0 0 0 10 15 Участник
35432 4 5 0 10 0 0 15 Участник
87810 4 0 15 0 0 0 15 Участник
53603 4 5 0 0 0 10 15 Участник
100215 4 5 0 10 0 0 15 Участник
103171 4 10 0 0 0 5 15 Участник
4316 4 0 3 0 0 10 13 Участник
22724 4 5 3 0 5 0 13 Участник
10241 4 0 12 0 0 0 12 Участник
14574 4 5 5 0 0 0 10 Участник
5216 4 10 0 0 0 0 10 Участник
33813 4 0 0 10 0 0 10 Участник
11834 4 0 0 10 0 0 10 Участник
73373 4 5 0 0 5 0 10 Участник
80212 4 0 0 10 0 0 10 Участник
15604 4 10 0 0 0 0 10 Участник
89286 4 0 0 10 0 0 10 Участник
84546 4 0 0 10 0 0 10 Участник
12101 4 0 0 10 0 0 10 Участник
7656 4 5 5 0 0 0 10 Участник
18200 4 10 0 0 0 0 10 Участник
105354 4 5 0 0 5 0 10 Участник
5011 4 5 5 0 0 0 10 Участник
104085 4 0 0 0 0 10 10 Участник
103292 4 0 0 0 10 0 10 Участник
40864 4 0 3 5 0 0 8 Участник
33287 4 5 3 0 0 0 8 Участник
4388 4 5 3 0 0 0 8 Участник
67576 4 5 3 0 0 0 8 Участник
72073 4 7 0 0 0 0 7 Участник
5833 4 7 0 0 0 0 7 Участник
21363 4 7 0 0 0 0 7 Участник
105009 4 5 0 0 0 0 5 Участник
96011 4 0 0 0 5 0 5 Участник
9194 4 5 0 0 0 0 5 Участник
23926 4 0 0 0 5 0 5 Участник
33781 4 5 0 0 0 0 5 Участник
61206 4 5 0 0 0 0 5 Участник
64311 4 5 0 0 0 0 5 Участник
38814 4 5 0 0 0 0 5 Участник
7254 4 5 0 0 0 0 5 Участник
63279 4 0 0 0 5 0 5 Участник
37638 4 5 0 0 0 0 5 Участник
11925 4 5 0 0 0 0 5 Участник
7793 4 0 0 5 0 0 5 Участник
60599 4 5 0 0 0 0 5 Участник
38810 4 5 0 0 0 0 5 Участник
24270 4 5 0 0 0 0 5 Участник
102486 4 0 0 0 0 5 5 Участник
27184 4 0 5 0 0 0 5 Участник
39836 4 5 0 0 0 0 5 Участник
73282 4 0 0 0 5 0 5 Участник
44933 4 5 0 0 0 0 5 Участник
36319 4 0 5 0 0 0 5 Участник
43111 4 0 5 0 0 0 5 Участник
25875 4 5 0 0 0 0 5 Участник
7980 4 5 0 0 0 0 5 Участник
22925 4 0 0 5 0 0 5 Участник
4769 4 5 0 0 0 0 5 Участник
97192 4 0 0 0 5 0 5 Участник
73738 4 5 0 0 0 0 5 Участник
89664 4 0 0 0 5 0 5 Участник
102550 4 0 0 0 0 5 5 Участник
6510 4 5 0 0 0 0 5 Участник
104428 4 5 0 0 0 0 5 Участник
85563 4 5 0 0 0 0 5 Участник
61790 4 5 0 0 0 0 5 Участник
85273 4 5 0 0 0 0 5 Участник
9172 4 0 3 0 0 0 3 Участник
89637 4 0 3 0 0 0 3 Участник
39641 4 0 3 0 0 0 3 Участник
46439 4 0 0 0 0 0 0 Участник
56296 4 0 0 0 0 0 0 Участник
87224 4 0 0 0 0 0 0 Участник
94790 4 0 0 0 0 0 0 Участник
81758 4 0 0 0 0 0 0 Участник
89872 4 0 0 0 0 0 0 Участник
37554 4 0 0 0 0 0 0 Участник
36997 4 0 0 0 0 0 0 Участник
42403 4 0 0 0 0 0 0 Участник
4122 4 0 0 0 0 0 0 Участник
18464 4 0 0 0 0 0 0 Участник
94978 4 0 0 0 0 0 0 Участник
22899 4 0 0 0 0 0 0 Участник
66050 4 0 0 0 0 0 0 Участник
4831 4 0 0 0 0 0 0 Участник
14684 4 0 0 0 0 0 0 Участник
18843 4 0 0 0 0 0 0 Участник
6699 4 0 0 0 0 0 0 Участник
92726 4 0 0 0 0 0 0 Участник
4449 4 0 0 0 0 0 0 Участник
3732 4 0 0 0 0 0 0 Участник
10179 4 0 0 0 0 0 0 Участник
28273 4 0 0 0 0 0 0 Участник
93843 4 0 0 0 0 0 0 Участник
29445 4 0 0 0 0 0 0 Участник
4532 4 0 0 0 0 0 0 Участник
93079 4 0 0 0 0 0 0 Участник
93264 4 0 0 0 0 0 0 Участник
61823 4 0 0 0 0 0 0 Участник
65160 4 0 0 0 0 0 0 Участник
16138 4 0 0 0 0 0 0 Участник
24458 4 0 0 0 0 0 0 Участник
9381 4 0 0 0 0 0 0 Участник
64537 4 0 0 0 0 0 0 Участник
47447 4 0 0 0 0 0 0 Участник
74088 4 0 0 0 0 0 0 Участник
99385 4 0 0 0 0 0 0 Участник
32771 4 0 0 0 0 0 0 Участник
70743 4 0 0 0 0 0 0 Участник
30677 4 0 0 0 0 0 0 Участник
40219 4 0 0 0 0 0 0 Участник
52542 4 0 0 0 0 0 0 Участник
88841 4 0 0 0 0 0 0 Участник
12178 4 0 0 0 0 0 0 Участник
40931 4 0 0 0 0 0 0 Участник
76690 4 0 0 0 0 0 0 Участник
70352 4 0 0 0 0 0 0 Участник
104537 4 0 0 0 0 0 0 Участник
96840 4 0 0 0 0 0 0 Участник
98367 4 0 0 0 0 0 0 Участник
44648 4 0 0 0 0 0 0 Участник
12726 4 0 0 0 0 0 0 Участник
30203 4 0 0 0 0 0 0 Участник
88840 4 0 0 0 0 0 0 Участник
40063 4 0 0 0 0 0 0 Участник
22135 4 0 0 0 0 0 0 Участник
65694 4 0 0 0 0 0 0 Участник
42834 4 0 0 0 0 0 0 Участник
Лямин Сергей Сергеевич 5 15 25 10 20 20 90 Победитель
Садретдинов Камиль Ирекович 5 15 10 20 20 20 85 Победитель
Мельников Лев Александрович 5 15 25 0 20 15 75 Победитель
Щербина Тарас Васильевич 5 15 15 15 10 20 75 Победитель
Нирман Артур Алексеевич 5 15 20 0 20 20 75 Победитель
Косенков Михаил Юрьевич 5 15 0 20 20 20 75 Победитель
Вахменин Михаил Михайлович 5 15 15 0 20 20 70 Призёр II степени
Попкова Мария Андреевна 5 15 5 10 20 20 70 Призёр II степени
Блинов Алексей Евгеньевич 5 15 15 10 10 20 70 Призёр II степени
Юсупова Алиса Андреевна 5 15 10 5 20 20 70 Призёр II степени
Денисов Дмитрий Михайлович 5 15 20 5 10 20 70 Призёр II степени
Маймакова Сафина Ильнуровна 5 15 0 10 20 20 65 Призёр III степени
Ермоленко Михаил Дмитриевич 5 15 10 10 10 20 65 Призёр III степени
Садыков Сергей Вадимович 5 15 0 10 20 20 65 Призёр III степени
Дербенев Илья Сергеевич 5 15 10 0 20 20 65 Призёр III степени
Син Максим Константинович 5 15 10 10 10 20 65 Призёр III степени
Сергеев Вадим Сергеевич 5 15 10 0 20 20 65 Призёр III степени
Авраменко Денис Андреевич 5 15 10 0 20 20 65 Призёр III степени
Татаринов Виктор Иванович 5 15 13 0 15 20 63 Призёр III степени
Филиппова Екатерина Андреевна 5 15 0 5 20 20 60 Призёр III степени
Романов Валерий Александрович 5 15 5 0 20 20 60 Призёр III степени
Ревенков Дмитрий Анатольевич 5 15 5 0 20 20 60 Призёр III степени
Карлов Максим Владимирович 5 15 10 5 10 20 60 Призёр III степени
Поливода Никита Сергеевич 5 15 0 5 20 20 60 Призёр III степени
18217 5 15 10 0 10 20 55 Участник
39097 5 15 0 0 20 20 55 Участник
94321 5 15 20 0 0 20 55 Участник
46867 5 15 0 0 20 20 55 Участник
31832 5 15 0 0 20 20 55 Участник
35628 5 15 0 0 20 20 55 Участник
98921 5 15 0 0 20 20 55 Участник
5668 5 15 0 20 0 20 55 Участник
31014 5 15 10 0 20 10 55 Участник
10105 5 15 0 0 20 20 55 Участник
22815 5 15 0 0 20 20 55 Участник
6670 5 15 0 0 20 20 55 Участник
90501 5 15 0 20 10 5 50 Участник
34295 5 15 10 0 20 5 50 Участник
37671 5 15 5 0 10 20 50 Участник
10146 5 15 0 0 20 15 50 Участник
54689 5 0 0 15 20 15 50 Участник
94362 5 15 5 0 10 20 50 Участник
9443 5 15 0 0 20 15 50 Участник
63991 5 15 0 0 20 15 50 Участник
8531 5 15 0 0 20 15 50 Участник
29102 5 15 3 0 10 20 48 Участник
64187 5 15 0 0 20 10 45 Участник
29190 5 15 0 10 0 20 45 Участник
95306 5 15 0 0 10 20 45 Участник
5744 5 15 10 5 0 15 45 Участник
30796 5 15 10 0 0 20 45 Участник
50474 5 15 0 10 20 0 45 Участник
39481 5 15 0 0 10 20 45 Участник
7284 5 15 0 5 10 15 45 Участник
4166 5 0 15 5 20 5 45 Участник
62730 5 0 10 0 20 15 45 Участник
25425 5 15 0 0 10 20 45 Участник
13426 5 15 0 0 20 10 45 Участник
28407 5 15 0 0 10 15 40 Участник
30023 5 15 0 0 20 5 40 Участник
52328 5 15 10 0 10 5 40 Участник
66901 5 15 5 0 0 20 40 Участник
87828 5 15 0 0 10 15 40 Участник
78069 5 15 5 0 10 10 40 Участник
93900 5 15 0 0 10 15 40 Участник
20708 5 0 0 0 20 15 35 Участник
60227 5 15 5 0 5 10 35 Участник
38566 5 15 0 0 10 10 35 Участник
27866 5 15 0 0 0 20 35 Участник
5138 5 15 0 0 0 20 35 Участник
35576 5 0 0 0 20 15 35 Участник
74972 5 15 5 0 0 15 35 Участник
84486 5 15 0 0 10 10 35 Участник
69083 5 15 0 0 5 10 30 Участник
23031 5 0 0 0 10 20 30 Участник
25193 5 15 0 0 10 5 30 Участник
49005 5 15 0 0 0 15 30 Участник
54344 5 15 0 0 0 15 30 Участник
38533 5 15 0 0 5 10 30 Участник
34297 5 15 0 0 10 5 30 Участник
90952 5 15 0 0 0 15 30 Участник
41990 5 15 0 0 5 10 30 Участник
59859 5 15 0 0 0 15 30 Участник
83355 5 15 0 0 5 10 30 Участник
95474 5 0 0 0 20 10 30 Участник
43325 5 15 0 0 10 5 30 Участник
95628 5 15 0 0 0 15 30 Участник
59773 5 15 3 0 0 10 28 Участник
10957 5 15 0 0 5 5 25 Участник
27475 5 15 0 5 0 5 25 Участник
44516 5 15 0 0 5 5 25 Участник
7740 5 15 0 0 0 10 25 Участник
39180 5 15 0 0 10 0 25 Участник
37606 5 15 0 0 0 10 25 Участник
55598 5 15 0 0 0 5 20 Участник
41022 5 15 0 0 0 5 20 Участник
43905 5 15 0 0 0 5 20 Участник
42993 5 0 0 0 20 0 20 Участник
28960 5 15 0 0 0 5 20 Участник
21167 5 0 0 0 20 0 20 Участник
21864 5 0 0 0 0 20 20 Участник
42887 5 0 0 0 0 20 20 Участник
99004 5 0 0 0 20 0 20 Участник
78554 5 15 0 0 0 0 15 Участник
93718 5 15 0 0 0 0 15 Участник
77903 5 15 0 0 0 0 15 Участник
15649 5 15 0 0 0 0 15 Участник
53765 5 15 0 0 0 0 15 Участник
88743 5 0 0 0 5 10 15 Участник
15984 5 10 0 0 0 5 15 Участник
30924 5 15 0 0 0 0 15 Участник
13958 5 15 0 0 0 0 15 Участник
79339 5 0 0 0 5 10 15 Участник
99119 5 15 0 0 0 0 15 Участник
42365 5 0 0 0 0 10 10 Участник
4660 5 0 0 0 0 10 10 Участник
89489 5 0 0 0 0 10 10 Участник
102701 5 0 0 0 0 5 5 Участник
94409 5 0 5 0 0 0 5 Участник
39418 5 0 0 0 0 0 0 Участник
84034 5 0 0 0 0 0 0 Участник
92659 5 0 0 0 0 0 0 Участник
61392 5 0 0 0 0 0 0 Участник
4233 5 0 0 0 0 0 0 Участник
36043 5 0 0 0 0 0 0 Участник
96963 5 0 0 0 0 0 0 Участник
76467 5 0 0 0 0 0 0 Участник
99559 5 0 0 0 0 0 0 Участник
Любарский Платон Евгеньевич 6 10 20 18 20 5 12 85 Победитель
Бикмухаметов Амир Робертович 6 10 4 25 16 10 15 80 Победитель
Катаев Макс Андреевич 6 10 4 25 16 10 15 80 Победитель
Сорокин Макар Алексеевич 6 10 20 8 20 5 15 78 Победитель
Комратов Семен Артемович 6 10 4 18 20 10 15 77 Победитель
Филатов Даниил Андреевич 6 10 4 25 12 10 15 76 Победитель
Гусев Илья Григорьевич 6 10 0 25 16 10 15 76 Победитель
Ходырев Максим Андреевич 6 10 4 25 16 10 7 72 Победитель
Гараев Дамир Маратович 6 10 4 18 20 10 9 71 Победитель
Чегодаев Алексей Александрович 6 10 4 10 20 10 15 69 Призёр II степени
Воеводин Макар Алексеевич 6 10 0 25 20 10 4 69 Призёр II степени
Кожокарь Кирилл Фёдорович 6 10 4 18 20 5 7 64 Призёр II степени
Юнусов Азамат Марсович 6 10 4 18 20 5 7 64 Призёр II степени
Денисова Алиса Антоновна 6 10 0 18 20 0 15 63 Призёр II степени
Стонт Артём Дмитриевич 6 10 0 25 8 10 10 63 Призёр II степени
Журин Лука Николаевич 6 10 0 18 20 0 15 63 Призёр II степени
Коновалов Иван Андреевич 6 10 0 25 16 5 7 63 Призёр II степени
Галялтдинов Искандер Камилевич 6 10 20 8 16 0 7 61 Призёр II степени
Борисевич Константин Станиславович 6 10 0 10 20 10 11 61 Призёр II степени
Дегода Давид Алексеевич 6 10 4 19 8 5 11 57 Призёр III степени
Крапивин Макар Дмитриевич 6 10 0 10 20 0 15 55 Призёр III степени
Шарафутдинова Аделия Эдуардовна 6 10 0 10 20 0 15 55 Призёр III степени
Косых Таисия Артемовна 6 10 0 25 15 5 0 55 Призёр III степени
Гилязов Артур Раилевич 6 10 0 12 20 5 7 54 Призёр III степени
Ушаков Георгий Александрович 6 10 0 8 20 0 15 53 Призёр III степени
Афанасенков Михаил Михайлович 6 10 4 19 8 5 7 53 Призёр III степени
Белоусов Дмитрий Денисович 6 10 0 18 20 0 4 52 Призёр III степени
Бельский Владимир Владимирович 6 10 0 25 8 0 7 50 Призёр III степени
Шехвиц Кирилл Романович 6 10 0 15 8 10 7 50 Призёр III степени
19426 6 10 0 12 20 0 7 49 Участник
72137 6 10 0 8 16 0 15 49 Участник
41265 6 10 0 18 4 10 7 49 Участник
18909 6 10 0 18 0 10 11 49 Участник
45385 6 0 0 8 20 5 15 48 Участник
42520 6 10 0 18 0 5 15 48 Участник
4340 6 10 0 0 20 10 7 47 Участник
94184 6 10 0 20 8 5 2 45 Участник
30134 6 0 0 16 20 5 4 45 Участник
60713 6 2 0 18 12 10 2 44 Участник
20591 6 10 0 25 0 5 4 44 Участник
61188 6 10 0 0 20 10 4 44 Участник
30712 6 10 0 25 0 0 8 43 Участник
40565 6 10 4 15 0 10 4 43 Участник
19269 6 10 0 25 0 0 8 43 Участник
38236 6 0 0 0 20 5 15 40 Участник
6869 6 0 2 18 8 5 7 40 Участник
8573 6 2 4 18 0 5 11 40 Участник
38442 6 10 0 18 0 10 2 40 Участник
42824 6 0 0 8 16 10 6 40 Участник
57864 6 10 0 8 0 5 15 38 Участник
42661 6 10 0 8 0 5 15 38 Участник
12761 6 2 0 25 0 0 9 36 Участник
6234 6 10 0 0 16 10 0 36 Участник
24477 6 10 0 0 16 5 4 35 Участник
31030 6 10 0 18 0 5 2 35 Участник
16514 6 10 0 0 20 5 0 35 Участник
38043 6 0 0 18 0 10 7 35 Участник
52053 6 10 0 20 0 5 0 35 Участник
37584 6 10 0 18 0 5 0 33 Участник
56687 6 10 0 18 0 5 0 33 Участник
87405 6 2 4 18 0 0 9 33 Участник
37987 6 2 0 25 0 5 0 32 Участник
50810 6 10 0 8 0 5 9 32 Участник
12236 6 10 4 15 0 0 2 31 Участник
25977 6 10 0 8 0 10 2 30 Участник
71777 6 2 0 8 0 5 15 30 Участник
47153 6 10 0 8 0 5 7 30 Участник
65857 6 2 0 18 0 0 9 29 Участник
46134 6 10 0 10 0 5 2 27 Участник
39559 6 0 0 0 0 10 15 25 Участник
15303 6 2 0 18 0 5 0 25 Участник
79071 6 10 0 15 0 0 0 25 Участник
98326 6 10 0 0 4 0 11 25 Участник
9071 6 0 0 0 0 10 15 25 Участник
12154 6 0 0 10 8 0 6 24 Участник
40580 6 0 0 8 8 0 7 23 Участник
89846 6 10 0 8 0 5 0 23 Участник
38476 6 10 0 0 0 5 7 22 Участник
43649 6 10 0 0 0 5 6 21 Участник
101885 6 0 0 19 0 0 2 21 Участник
10683 6 0 0 8 0 0 12 20 Участник
41599 6 2 0 8 0 10 0 20 Участник
47534 6 2 0 8 0 5 4 19 Участник
90036 6 10 0 0 0 5 4 19 Участник
80053 6 10 0 8 0 0 0 18 Участник
7600 6 10 0 0 0 0 6 16 Участник
89514 6 2 0 12 0 0 2 16 Участник
92052 6 10 0 0 0 5 0 15 Участник
4585 6 2 0 4 0 5 4 15 Участник
6019 6 0 0 0 0 0 15 15 Участник
40232 6 10 0 4 0 0 0 14 Участник
93845 6 0 0 8 0 5 0 13 Участник
14779 6 0 0 6 0 0 5 11 Участник
30484 6 2 0 0 0 5 4 11 Участник
9369 6 0 0 0 0 5 5 10 Участник
30111 6 10 0 0 0 0 0 10 Участник
69041 6 0 0 6 0 0 4 10 Участник
27149 6 0 0 0 0 10 0 10 Участник
10882 6 0 0 0 0 5 4 9 Участник
43235 6 0 0 0 0 5 4 9 Участник
101389 6 2 0 0 0 0 6 8 Участник
92384 6 0 0 8 0 0 0 8 Участник
37652 6 2 0 0 0 0 6 8 Участник
9116 6 0 0 0 0 0 7 7 Участник
74081 6 0 0 0 0 0 7 7 Участник
22351 6 0 0 0 0 5 2 7 Участник
87050 6 2 0 0 0 0 5 7 Участник
33176 6 0 0 0 0 0 6 6 Участник
19190 6 0 0 0 0 5 0 5 Участник
37775 6 0 0 0 0 0 4 4 Участник
83438 6 0 0 4 0 0 0 4 Участник
12013 6 0 0 0 0 0 4 4 Участник
4775 6 2 0 0 0 0 0 2 Участник
89465 6 2 0 0 0 0 0 2 Участник
41561 6 0 0 0 0 0 0 0 Участник
41001 6 0 0 0 0 0 0 0 Участник
33525 6 0 0 0 0 0 0 0 Участник
38704 6 0 0 0 0 0 0 0 Участник
21653 6 0 0 0 0 0 0 0 Участник
92165 6 0 0 0 0 0 0 0 Участник
40466 6 0 0 0 0 0 0 0 Участник
94270 6 0 0 0 0 0 0 0 Участник
92055 6 0 0 0 0 0 0 0 Участник
77948 6 0 0 0 0 0 0 0 Участник
22336 6 0 0 0 0 0 0 0 Участник
93781 6 0 0 0 0 0 0 0 Участник
98117 6 0 0 0 0 0 0 0 Участник
Лысов Денис Эдуардович 7 20 25 10 20 25 100 Победитель
Майоров Глеб Егорович 7 20 25 10 20 25 100 Победитель
Калеева Светлана Евгеньевна 7 20 25 10 20 25 100 Победитель
Серебряков Владислав Дмитриевич 7 20 25 10 17 25 97 Победитель
Феоктистов Ярослав Сергеевич 7 20 25 10 17 25 97 Победитель
Саниев Ильдар Флюсович 7 20 25 10 17 25 97 Победитель
Ильин Андрей Владимирович 7 20 20 10 20 25 95 Победитель
Колесов Лев Константинович 7 20 25 10 15 25 95 Победитель
Мошников Георгий Евгеньевич 7 20 25 10 15 25 95 Победитель
Силюкова Ульяна Алексеевна 7 20 25 8 20 20 93 Победитель
Волкова Кристина Евгеньевна 7 20 25 10 17 20 92 Победитель
Марьин Лев Сергеевич 7 20 20 10 15 25 90 Призёр II степени
Потапова Алёна Денисовна 7 20 20 5 20 25 90 Призёр II степени
Прокопьев Байдам Николаевич 7 20 20 5 20 25 90 Призёр II степени
Горинов Матвей Алексеевич 7 20 25 10 20 15 90 Призёр II степени
Герасименко Олег Евгеньевич 7 20 20 5 20 25 90 Призёр II степени
Егоров Александр Васильевич 7 20 20 5 20 25 90 Призёр II степени
Крылова Злата Сергеевна 7 20 25 10 20 15 90 Призёр II степени
Григорьев Денис Денисович 7 20 25 5 20 20 90 Призёр II степени
Паромов Григорий Павлович 7 20 25 10 20 15 90 Призёр II степени
Арчаков Николай Алексеевич 7 20 25 3 15 25 88 Призёр III степени
Красиков Максим Сергеевич 7 20 25 10 17 15 87 Призёр III степени
Галиев Камиль Ильназович 7 20 25 10 17 15 87 Призёр III степени
Черланов Григорий Юрьевич 7 20 25 10 17 15 87 Призёр III степени
Стрижков Данил Михайлович 7 20 25 10 20 10 85 Призёр III степени
Василенко Юрий Николаевич 7 20 10 10 20 25 85 Призёр III степени
Прокопов Максим Андреевич 7 20 25 10 20 10 85 Призёр III степени
Смирнов Дмитрий Евгеньевич 7 20 25 10 20 10 85 Призёр III степени
Сендецкий Роман Вадимович 7 20 10 10 20 25 85 Призёр III степени
Невоструев Степан Алексеевич 7 20 25 10 20 10 85 Призёр III степени
Саубанов Алим Ильдарович 7 20 25 10 20 10 85 Призёр III степени
Байсков Максим Евгеньевич 7 15 25 10 20 15 85 Призёр III степени
Местников Тимур Павлович 7 10 20 10 20 25 85 Призёр III степени
20126 7 20 25 10 15 10 80 Участник
70459 7 20 25 10 15 10 80 Участник
13099 7 20 10 5 20 25 80 Участник
39882 7 20 10 5 20 25 80 Участник
35694 7 20 15 10 15 20 80 Участник
13095 7 20 10 5 20 25 80 Участник
24024 7 0 25 10 20 25 80 Участник
63655 7 20 5 8 20 25 78 Участник
5300 7 20 25 10 20 0 75 Участник
43074 7 20 15 0 15 25 75 Участник
12915 7 20 20 5 15 15 75 Участник
58934 7 20 15 10 20 10 75 Участник
63344 7 20 25 10 10 10 75 Участник
5859 7 20 25 10 20 0 75 Участник
8141 7 20 10 10 20 15 75 Участник
58916 7 20 25 10 20 0 75 Участник
99120 7 20 10 10 20 15 75 Участник
92705 7 10 25 8 15 15 73 Участник
94318 7 20 10 10 20 10 70 Участник
89599 7 20 10 5 20 15 70 Участник
10616 7 20 25 0 15 10 70 Участник
48166 7 20 10 5 20 15 70 Участник
39136 7 0 25 10 15 20 70 Участник
13281 7 15 25 8 20 0 68 Участник
82894 7 8 15 5 15 25 68 Участник
40831 7 20 0 10 17 20 67 Участник
91679 7 20 0 10 20 15 65 Участник
18659 7 0 25 10 20 10 65 Участник
69975 7 10 25 10 20 0 65 Участник
20341 7 20 0 10 20 15 65 Участник
30783 7 20 0 10 20 15 65 Участник
19178 7 20 15 10 10 10 65 Участник
88640 7 10 20 10 15 10 65 Участник
25277 7 20 20 10 15 0 65 Участник
29852 7 20 5 10 15 15 65 Участник
88579 7 20 3 5 15 20 63 Участник
8070 7 20 25 0 17 0 62 Участник
8322 7 20 20 5 15 0 60 Участник
94468 7 20 3 10 17 10 60 Участник
29492 7 20 5 10 15 10 60 Участник
16169 7 20 0 10 15 15 60 Участник
78360 7 20 0 10 20 10 60 Участник
33101 7 10 25 10 15 0 60 Участник
47260 7 20 10 10 20 0 60 Участник
93953 7 20 15 5 20 0 60 Участник
69951 7 20 15 8 15 0 58 Участник
24061 7 10 0 10 17 20 57 Участник
38237 7 10 10 10 15 10 55 Участник
80860 7 10 10 5 20 10 55 Участник
38287 7 20 10 5 10 10 55 Участник
69494 7 20 0 10 15 10 55 Участник
31020 7 20 0 5 20 10 55 Участник
39718 7 20 10 0 15 10 55 Участник
43727 7 0 20 5 20 10 55 Участник
39412 7 20 0 10 15 10 55 Участник
5809 7 20 3 10 20 0 53 Участник
5858 7 0 15 10 15 10 50 Участник
80349 7 10 0 10 20 10 50 Участник
46902 7 20 0 10 20 0 50 Участник
11077 7 20 0 10 10 10 50 Участник
39372 7 20 3 10 17 0 50 Участник
89168 7 0 20 10 20 0 50 Участник
18337 7 20 0 10 0 20 50 Участник
83276 7 20 10 5 15 0 50 Участник
24202 7 20 15 5 10 0 50 Участник
15766 7 20 15 5 10 0 50 Участник
53342 7 15 10 10 15 0 50 Участник
7213 7 20 0 10 20 0 50 Участник
81950 7 0 0 5 20 25 50 Участник
34279 7 0 5 10 20 10 45 Участник
89644 7 20 5 0 20 0 45 Участник
18070 7 20 0 10 15 0 45 Участник
92380 7 20 10 0 0 15 45 Участник
30691 7 20 10 5 10 0 45 Участник
35092 7 20 0 5 20 0 45 Участник
76327 7 20 0 8 15 0 43 Участник
80671 7 20 0 5 17 0 42 Участник
93192 7 0 5 5 15 15 40 Участник
39994 7 20 0 10 10 0 40 Участник
84872 7 0 20 5 15 0 40 Участник
36569 7 20 0 3 15 0 38 Участник
34686 7 0 0 10 0 25 35 Участник
43264 7 20 10 5 0 0 35 Участник
93511 7 0 0 10 15 10 35 Участник
44298 7 20 0 5 10 0 35 Участник
25527 7 15 10 5 0 0 30 Участник
42573 7 10 0 0 20 0 30 Участник
90787 7 15 0 5 10 0 30 Участник
76524 7 0 15 10 5 0 30 Участник
76441 7 0 15 10 5 0 30 Участник
27253 7 0 25 5 0 0 30 Участник
86285 7 10 0 10 0 10 30 Участник
11472 7 0 0 5 25 0 30 Участник
3893 7 20 0 8 0 0 28 Участник
105258 7 0 0 10 17 0 27 Участник
39521 7 10 5 10 0 0 25 Участник
88334 7 0 0 10 15 0 25 Участник
95344 7 0 0 10 15 0 25 Участник
95517 7 10 0 0 15 0 25 Участник
36611 7 20 3 0 0 0 23 Участник
40552 7 20 3 0 0 0 23 Участник
32529 7 10 0 8 5 0 23 Участник
28972 7 20 0 0 0 0 20 Участник
33989 7 20 0 0 0 0 20 Участник
12070 7 0 5 0 15 0 20 Участник
10775 7 0 0 0 20 0 20 Участник
88094 7 0 0 0 17 0 17 Участник
100927 7 0 10 0 5 0 15 Участник
28982 7 0 0 10 0 0 10 Участник
69962 7 10 0 0 0 0 10 Участник
45366 7 10 0 0 0 0 10 Участник
106256 7 0 10 0 0 0 10 Участник
76443 7 0 0 8 0 0 8 Участник
92062 7 0 0 8 0 0 8 Участник
42299 7 0 0 5 0 0 5 Участник
11558 7 0 3 0 0 0 3 Участник
32871 7 0 0 3 0 0 3 Участник
28977 7 0 0 0 0 0 0 Участник
28973 7 0 0 0 0 0 0 Участник
87802 7 0 0 0 0 0 0 Участник
90807 7 0 0 0 0 0 0 Участник
69894 7 0 0 0 0 0 0 Участник
Ахметова Аделина Маратовна 8 15 25 15 20 25 100 Победитель
Бородуля Глеб Евгеньевич 8 15 25 15 20 25 100 Победитель
Крутских Владимир Ильич 8 15 25 15 20 25 100 Победитель
Абасов Тагир Мислимович 8 15 25 15 20 25 100 Победитель
Соколов Артём Александрович 8 15 25 15 20 25 100 Победитель
Зверюгин Вячеслав Евгеньевич 8 14 25 15 20 25 99 Победитель
Кораблев Юрий Алексеевич 8 15 25 14 20 25 99 Победитель
Москаленко Майя Алексеевна 8 15 25 14 20 25 99 Победитель
Гридин Денис Янович 8 12 25 15 20 25 97 Призёр II степени
Наземцев Артём Дмитриевич 8 12 25 15 20 25 97 Призёр II степени
Каранович Алексей Артёмонович 8 12 25 15 20 25 97 Призёр II степени
Катков Мирослав Викторович 8 12 25 15 20 25 97 Призёр II степени
Сафронов Глеб Александрович 8 12 25 15 20 25 97 Призёр II степени
Турукин Константин Владимирович 8 15 20 15 20 25 95 Призёр II степени
Габдукаев Булат Искандерович 8 10 25 15 20 25 95 Призёр II степени
Лапин Даниил Дмитриевич 8 10 25 15 20 25 95 Призёр II степени
Демин Максим Юрьевич 8 15 25 9 20 25 94 Призёр II степени
Краснов Даниил Алексеевич 8 15 25 15 20 15 90 Призёр II степени
Рогов Антон Юрьевич 8 10 25 9 20 25 89 Призёр III степени
Юрпик Максим Павлович 8 12 25 15 20 15 87 Призёр III степени
Гадойбоева Севара Шавкатовна 8 12 15 15 20 25 87 Призёр III степени
Бацарова Елизавета Денисовна 8 0 25 15 20 25 85 Призёр III степени
Шестаков Константин Артемович 8 0 25 15 20 25 85 Призёр III степени
Кутергин Даниил Александрович 8 0 25 15 20 25 85 Призёр III степени
Хорькин Илья Алексеевич 8 0 25 15 20 25 85 Призёр III степени
Алещенко Владислав Андреевич 8 0 25 15 20 25 85 Призёр III степени
Белослудцев Артём Евгеньевич 8 0 25 15 20 25 85 Призёр III степени
Скрябин Лев Александрович 8 0 25 15 20 25 85 Призёр III степени
Савостьянова Анжелика Константиновна 8 0 25 12 20 25 82 Призёр III степени
Каримова Джонона Бахтиёровна 8 12 10 15 20 25 82 Призёр III степени
Сотниченко Михаил Дмитриевич 8 15 25 12 4 25 81 Призёр III степени
Камалдинов Айрат Равильевич 8 12 25 15 20 8 80 Призёр III степени
Беляев Андрей Максимович 8 15 10 9 20 25 79 Призёр III степени
Веригина Софья Ильинична 8 0 25 9 20 25 79 Призёр III степени
Герасимов Дмитрий Николаевич 8 0 25 9 20 25 79 Призёр III степени
Лысцев Данил Алексеевич 8 10 25 15 20 8 78 Призёр III степени
Серебряный Артём Витальевич 8 12 20 0 20 25 77 Призёр III степени
47558 8 15 25 15 20 0 75 Участник
14876 8 15 25 15 20 0 75 Участник
30812 8 12 25 9 4 25 75 Участник
32525 8 0 20 9 20 25 74 Участник
53793 8 12 25 15 20 0 72 Участник
35453 8 0 20 9 20 20 69 Участник
5545 8 15 0 9 20 25 69 Участник
37702 8 12 25 12 20 0 69 Участник
5630 8 0 25 15 20 8 68 Участник
23977 8 10 25 12 20 0 67 Участник
75265 8 12 25 9 20 0 66 Участник
22583 8 12 10 15 20 8 65 Участник
73403 8 10 25 9 20 0 64 Участник
32406 8 10 25 9 20 0 64 Участник
92850 8 10 25 0 20 8 63 Участник
39101 8 0 25 9 20 8 62 Участник
73823 8 0 25 0 20 15 60 Участник
6754 8 12 25 15 3 3 58 Участник
40527 8 14 15 0 4 25 58 Участник
75235 8 12 10 15 20 0 57 Участник
75893 8 12 10 15 20 0 57 Участник
9491 8 0 25 12 20 0 57 Участник
69418 8 14 25 12 4 0 55 Участник
38648 8 0 20 15 20 0 55 Участник
77244 8 0 20 0 20 15 55 Участник
28657 8 0 25 9 20 0 54 Участник
93061 8 0 25 9 20 0 54 Участник
9247 8 0 25 9 20 0 54 Участник
39290 8 0 25 9 20 0 54 Участник
5561 8 0 25 9 20 0 54 Участник
86142 8 0 25 9 20 0 54 Участник
28620 8 0 25 9 20 0 54 Участник
36311 8 14 25 15 0 0 54 Участник
17811 8 0 0 9 20 25 54 Участник
49868 8 0 25 9 20 0 54 Участник
39403 8 0 25 0 20 8 53 Участник
33052 8 12 25 15 0 0 52 Участник
35897 8 0 20 9 20 0 49 Участник
75938 8 12 20 14 0 0 46 Участник
40298 8 12 20 14 0 0 46 Участник
72787 8 0 25 0 20 0 45 Участник
40222 8 0 25 0 20 0 45 Участник
41268 8 0 25 0 20 0 45 Участник
68691 8 0 25 0 20 0 45 Участник
28651 8 0 25 15 4 0 44 Участник
97103 8 0 10 9 25 0 44 Участник
18164 8 0 25 15 4 0 44 Участник
38875 8 10 25 9 0 0 44 Участник
38156 8 12 10 0 20 0 42 Участник
71636 8 12 0 9 20 0 41 Участник
103947 8 3 15 3 20 0 41 Участник
21477 8 0 20 0 20 0 40 Участник
41733 8 15 25 0 0 0 40 Участник
97805 8 10 25 0 4 0 39 Участник
17840 8 0 10 9 20 0 39 Участник
19295 8 0 10 9 20 0 39 Участник
26373 8 0 25 9 4 0 38 Участник
90668 8 15 20 0 3 0 38 Участник
87203 8 0 25 0 12 0 37 Участник
95072 8 0 0 15 20 0 35 Участник
100044 8 0 25 9 0 0 34 Участник
96682 8 0 25 9 0 0 34 Участник
94863 8 0 25 9 0 0 34 Участник
58981 8 10 20 0 0 0 30 Участник
86293 8 0 10 0 12 8 30 Участник
93118 8 0 0 0 4 25 29 Участник
40939 8 0 0 9 20 0 29 Участник
71870 8 10 10 9 0 0 29 Участник
31149 8 0 0 9 20 0 29 Участник
94841 8 0 25 0 3 0 28 Участник
38129 8 0 25 0 0 0 25 Участник
95663 8 0 25 0 0 0 25 Участник
6717 8 0 25 0 0 0 25 Участник
104395 8 0 25 0 0 0 25 Участник
84170 8 10 15 0 0 0 25 Участник
88488 8 0 25 0 0 0 25 Участник
48710 8 0 25 0 0 0 25 Участник
77920 8 0 0 0 20 4 24 Участник
41100 8 0 10 9 4 0 23 Участник
48587 8 0 0 0 20 0 20 Участник
27354 8 0 20 0 0 0 20 Участник
102399 8 0 5 15 0 0 20 Участник
73993 8 10 10 0 0 0 20 Участник
100508 8 10 10 0 0 0 20 Участник
22978 8 10 0 9 0 0 19 Участник
8361 8 0 10 9 0 0 19 Участник
43313 8 0 10 9 0 0 19 Участник
59763 8 0 15 0 0 0 15 Участник
52828 8 0 0 9 4 0 13 Участник
40106 8 0 10 0 0 0 10 Участник
75305 8 0 5 5 0 0 10 Участник
9059 8 0 0 9 0 0 9 Участник
40889 8 0 0 9 0 0 9 Участник
32733 8 0 0 5 0 0 5 Участник
95515 8 0 0 5 0 0 5 Участник
100392 8 0 0 0 4 0 4 Участник
55230 8 0 0 0 4 0 4 Участник
6364 8 0 0 0 0 0 0 Участник
80002 8 0 0 0 0 0 0 Участник
106197 8 0 0 0 0 0 0 Участник
101092 8 0 0 0 0 0 0 Участник
21307 8 0 0 0 0 0 0 Участник
92821 8 0 0 0 0 0 0 Участник
78531 8 0 0 0 0 0 0 Участник
98589 8 0 0 0 0 0 0 Участник
90476 8 0 0 0 0 0 0 Участник
5447 8 0 0 0 0 0 0 Участник
88486 8 0 0 0 0 0 0 Участник
90667 8 0 0 0 0 0 0 Участник
74833 8 0 0 0 0 0 0 Участник
55132 8 0 0 0 0 0 0 Участник
Энс Фёдор Александрович 9 15 10 20 15 15 25 100 Победитель
Кислова Василиса Сергеевна 9 15 10 20 15 15 25 100 Победитель
Козлов Владимир Владимирович 9 15 10 17 15 15 25 97 Победитель
Бубнов Кирилл Сергеевич 9 15 10 17 15 15 25 97 Победитель
Горшков Кирилл Максимович 9 15 10 20 10 15 25 95 Победитель
Герц Артём Николаевич 9 12 10 20 10 15 25 92 Победитель
Грязнова Валерия Маратовна 9 15 10 10 15 15 25 90 Призёр II степени
Комолов Алексей Михайлович 9 15 10 20 5 15 25 90 Призёр II степени
Кабанцова Анна Юрьевна 9 15 10 15 10 15 25 90 Призёр II степени
Волков Андрей Алексеевич 9 10 10 20 10 15 25 90 Призёр II степени
Ким Никита Александрович 9 10 10 20 10 15 25 90 Призёр II степени
Паршуков Степан Сергеевич 9 15 10 10 15 15 25 90 Призёр II степени
Васильев Максим Алексеевич 9 15 10 10 15 15 25 90 Призёр II степени
Степанов Степан Васильевич 9 15 10 10 15 15 25 90 Призёр II степени
Лосев Артем Евгеньевич 9 0 10 20 15 15 25 85 Призёр II степени
Куркина Анастасия Васильевна 9 12 10 20 0 15 25 82 Призёр II степени
Хажиева Азиза Айгизовна 9 6 10 10 15 15 25 81 Призёр II степени
Хватов Алексей Евгеньевич 9 15 10 10 5 15 25 80 Призёр III степени
Семёнов Матвей Николаевич 9 15 10 0 15 15 25 80 Призёр III степени
Крестьянинов Тимофей Максимович 9 15 10 10 5 15 25 80 Призёр III степени
Черепанов Артем Александрович 9 15 10 0 15 15 25 80 Призёр III степени
Чернышев Дмитрий Петрович 9 15 10 10 5 15 25 80 Призёр III степени
Павлов Тимур Сергеевич 9 15 10 0 15 15 25 80 Призёр III степени
Гельфер Максим Дмитриевич 9 15 10 0 15 15 25 80 Призёр III степени
Тукмаков Максим Валерьевич 9 15 10 0 15 15 25 80 Призёр III степени
Кудряшов Максим Анатольевич 9 15 10 0 15 15 25 80 Призёр III степени
Автономов Михаил Сергеевич 9 15 10 0 15 15 25 80 Призёр III степени
Гуломалиев Мурид Васиевич 9 6 10 20 3 15 25 79 Призёр III степени
Ким Сергей Станиславович 9 15 10 5 5 15 25 75 Призёр III степени
Семёнов Алексей Игоревич 9 10 10 0 15 15 25 75 Призёр III степени
Гаврюшенко Кирилл Сергеевич 9 10 10 0 15 15 25 75 Призёр III степени
Врублевский Кирилл Иванович 9 10 10 0 15 15 25 75 Призёр III степени
Горбовцов Юрий Сергеевич 9 10 10 0 15 15 25 75 Призёр III степени
Девяткин Павел Владиславович 9 10 10 0 15 15 25 75 Призёр III степени
Бенедский Александр Александрович 9 15 10 10 15 15 8 73 Призёр III степени
Гаврилов Ярослав Денисович 9 12 10 0 10 15 25 72 Призёр III степени
33492 9 15 10 0 5 15 25 70 Участник
47023 9 10 10 10 0 15 25 70 Участник
101422 9 10 10 0 10 15 25 70 Участник
27618 9 15 10 0 5 15 25 70 Участник
58877 9 15 10 0 5 15 25 70 Участник
92823 9 15 10 10 15 15 0 65 Участник
74726 9 15 10 0 0 15 25 65 Участник
98794 9 0 10 0 15 15 25 65 Участник
25480 9 0 10 0 15 15 25 65 Участник
11266 9 0 10 0 15 15 25 65 Участник
62551 9 0 10 0 15 15 25 65 Участник
9596 9 15 10 0 15 0 25 65 Участник
14786 9 15 10 0 15 15 8 63 Участник
32629 9 6 10 20 3 15 8 62 Участник
66353 9 0 10 0 10 15 25 60 Участник
36548 9 12 10 0 15 15 8 60 Участник
43133 9 15 10 20 15 0 0 60 Участник
6626 9 10 10 0 15 15 8 58 Участник
32840 9 0 3 10 3 15 25 56 Участник
38439 9 15 10 0 15 15 0 55 Участник
36051 9 15 10 0 15 15 0 55 Участник
83476 9 15 10 10 5 15 0 55 Участник
12657 9 15 10 0 15 15 0 55 Участник
20679 9 15 10 10 15 0 0 50 Участник
93450 9 10 10 0 15 15 0 50 Участник
52340 9 15 0 20 0 15 0 50 Участник
40474 9 15 0 10 10 15 0 50 Участник
55931 9 12 10 10 15 2 0 49 Участник
14971 9 0 10 0 15 15 8 48 Участник
71261 9 0 10 0 15 15 8 48 Участник
6365 9 15 10 0 5 15 0 45 Участник
9426 9 10 10 10 15 0 0 45 Участник
41011 9 0 10 20 0 15 0 45 Участник
74863 9 0 10 20 0 15 0 45 Участник
95252 9 0 10 10 10 15 0 45 Участник
74133 9 14 10 0 5 15 0 44 Участник
39995 9 0 10 0 15 15 0 40 Участник
36478 9 15 10 10 5 0 0 40 Участник
59555 9 0 10 0 15 15 0 40 Участник
73985 9 0 10 0 15 15 0 40 Участник
13215 9 0 10 0 15 15 0 40 Участник
74859 9 0 10 0 15 15 0 40 Участник
9392 9 0 0 0 0 15 25 40 Участник
72029 9 10 8 0 5 15 0 38 Участник
94265 9 0 10 0 10 15 0 35 Участник
20858 9 12 8 0 15 0 0 35 Участник
40745 9 0 10 0 10 15 0 35 Участник
99667 9 15 10 0 10 0 0 35 Участник
4588 9 0 10 10 0 15 0 35 Участник
35480 9 0 8 0 0 0 25 33 Участник
103517 9 0 8 0 10 15 0 33 Участник
73968 9 15 10 0 5 0 0 30 Участник
18946 9 0 10 0 5 15 0 30 Участник
68352 9 0 10 0 5 15 0 30 Участник
99507 9 15 10 0 5 0 0 30 Участник
92188 9 15 10 0 5 0 0 30 Участник
34708 9 10 10 0 10 0 0 30 Участник
93902 9 0 0 0 15 15 0 30 Участник
57836 9 15 0 0 15 0 0 30 Участник
1385 9 10 10 0 10 0 0 30 Участник
40733 9 0 8 0 5 15 0 28 Участник
86846 9 6 3 0 3 15 0 27 Участник
58757 9 0 0 0 3 15 8 26 Участник
42529 9 0 8 0 10 0 8 26 Участник
33938 9 15 10 0 0 0 0 25 Участник
7430 9 15 10 0 0 0 0 25 Участник
40558 9 0 10 0 0 15 0 25 Участник
7183 9 15 10 0 0 0 0 25 Участник
96841 9 0 10 0 15 0 0 25 Участник
103915 9 0 10 0 0 15 0 25 Участник
58965 9 0 10 0 0 15 0 25 Участник
18485 9 0 10 0 5 0 8 23 Участник
14560 9 15 8 0 0 0 0 23 Участник
26002 9 0 10 0 10 0 0 20 Участник
62335 9 0 10 0 10 0 0 20 Участник
98981 9 0 10 0 10 0 0 20 Участник
50696 9 10 10 0 0 0 0 20 Участник
74063 9 0 10 0 10 0 0 20 Участник
92905 9 0 10 0 10 0 0 20 Участник
85246 9 0 10 0 10 0 0 20 Участник
58130 9 0 8 10 0 0 0 18 Участник
11695 9 15 0 0 0 0 0 15 Участник
92572 9 0 10 5 0 0 0 15 Участник
77009 9 10 0 0 5 0 0 15 Участник
38271 9 0 0 0 0 15 0 15 Участник
92975 9 0 0 0 15 0 0 15 Участник
49506 9 0 10 0 5 0 0 15 Участник
86829 9 6 3 0 3 2 0 14 Участник
39686 9 0 10 0 3 0 0 13 Участник
71878 9 0 8 0 5 0 0 13 Участник
11371 9 0 3 0 10 0 0 13 Участник
19447 9 0 10 0 3 0 0 13 Участник
35853 9 0 10 0 0 0 0 10 Участник
26099 9 0 0 0 10 0 0 10 Участник
85933 9 0 10 0 0 0 0 10 Участник
97766 9 0 8 0 0 2 0 10 Участник
102680 9 0 10 0 0 0 0 10 Участник
99963 9 0 8 0 0 0 0 8 Участник
87073 9 6 0 0 0 0 0 6 Участник
104138 9 0 0 0 5 0 0 5 Участник
91053 9 0 3 0 0 0 0 3 Участник
74991 9 0 0 0 0 0 0 0 Участник
94407 9 0 0 0 0 0 0 0 Участник
68831 9 0 0 0 0 0 0 0 Участник
94513 9 0 0 0 0 0 0 0 Участник
14479 9 0 0 0 0 0 0 0 Участник
11362 9 0 0 0 0 0 0 0 Участник
21696 9 0 0 0 0 0 0 0 Участник
17095 9 0 0 0 0 0 0 0 Участник
104080 9 0 0 0 0 0 0 0 Участник
Алексеев Григорий Андреевич 10 17 15 21 22 24 99 Победитель
Файзрахманов Олег Вадимович 10 5 15 21 23 24 88 Победитель
Лазарев Михаил Олегович 10 17 15 7 23 24 86 Победитель
Невский Михаил Михайлович 10 17 15 7 23 24 86 Победитель
Рожкова Полина Максимовна 10 17 15 7 23 24 86 Победитель
Калюшин Дмитрий Александрович 10 17 15 7 23 24 86 Победитель
Максимов Егор Александрович 10 17 12 7 23 24 83 Победитель
Махенько Александр Евгеньевич 10 15 15 5 23 24 82 Победитель
Шатохин Данил Владимирович 10 17 15 0 23 24 79 Победитель
Ширкунов Евгений Дмитриевич 10 17 15 0 23 24 79 Победитель
Жук Владимир Олегович 10 17 15 0 23 24 79 Победитель
Ильтнер Александр Алексеевич 10 17 15 0 23 24 79 Победитель
Акбалин Флюр Рустемович 10 17 15 0 23 24 79 Победитель
Мошкин Даниил Максимович 10 15 15 0 23 24 77 Победитель
Мильгунов Евгений Валерьевич 10 15 15 0 23 24 77 Победитель
Пономарев Владислав Романович 10 15 15 0 23 24 77 Победитель
Ченченко Даниил Денисович 10 15 15 7 15 24 76 Призёр II степени
Вельможина София Александровна 10 7 15 7 23 24 76 Призёр II степени
Фоменко Фёдор Иванович 10 15 15 7 23 16 76 Призёр II степени
Усов Дмитрий Андреевич 10 15 10 0 23 24 72 Призёр II степени
Дьяков Игорь Алексеевич 10 15 10 0 23 24 72 Призёр II степени
Щербаков Иван Андреевич 10 17 15 0 15 24 71 Призёр II степени
Глущак Кирилл Леонидович 10 17 0 7 23 24 71 Призёр II степени
Гарифулин Павел Леонидович 10 15 15 10 23 8 71 Призёр II степени
Бектеев Михаил Александрович 10 17 15 14 0 24 70 Призёр II степени
Мусаев Михаил Сергеевич 10 17 5 0 23 24 69 Призёр III степени
Пчелинцев Святослав Дмитриевич 10 15 15 0 23 16 69 Призёр III степени
Ахметгареев Михаил Александрович 10 7 15 0 23 24 69 Призёр III степени
Нуртдинов Самат Варисович 10 7 15 0 23 24 69 Призёр III степени
Байрамкулов Ильяс Муратович 10 15 15 0 23 16 69 Призёр III степени
Винников Савва Григорьевич 10 5 15 0 23 24 67 Призёр III степени
Фулов Артём Михайлович 10 17 10 0 23 16 66 Призёр III степени
Юдин Артём Юрьевич 10 10 15 0 23 16 64 Призёр III степени
Рахматуллин Карим Айратович 10 17 15 7 0 24 63 Призёр III степени
Шеленберг Антон Константинович 10 15 10 7 23 8 63 Призёр III степени
Орлова Олеся Алексеевна 10 0 15 0 23 24 62 Призёр III степени
Столяров Максим Вадимович 10 15 15 7 0 24 61 Призёр III степени
Сусляков Семён Сергеевич 10 15 15 7 0 24 61 Призёр III степени
Харламов Максим Владимирович 10 0 15 7 23 16 61 Призёр III степени
Буторин Андрей Сергеевич 10 15 15 0 22 8 60 Призёр III степени
Костромской Егор Александрович 10 10 0 10 15 24 59 Призёр III степени
Самигулин Андрей Васильевич 10 17 10 7 0 24 58 Призёр III степени
Львов Станислав Александрович 10 17 15 0 0 24 56 Призёр III степени
Брюханов Никита Алексеевич 10 10 15 7 0 24 56 Призёр III степени
Лыткин Марк Сергеевич 10 17 15 0 0 24 56 Призёр III степени
Харьков Иван Андреевич 10 17 15 0 0 24 56 Призёр III степени
Разлуцкий Федор Александрович 10 17 15 0 23 0 55 Призёр III степени
Парутин Вадим Алексеевич 10 17 10 4 0 24 55 Призёр III степени
Немов Евгений Алексеевич 10 17 15 7 0 16 55 Призёр III степени
Максимов Макар Михайлович 10 15 10 5 23 0 53 Призёр III степени
Марудин Святослав Павлович 10 17 10 0 0 24 51 Призёр III степени
Стексов Григорий Сергеевич 10 0 12 0 23 16 51 Призёр III степени
Скрипниченко Илья Германович 10 15 12 0 0 24 51 Призёр III степени
61172 10 7 15 5 23 0 50 Участник
15908 10 17 15 0 0 16 48 Участник
105925 10 17 15 7 0 8 47 Участник
97697 10 15 15 0 0 16 46 Участник
58102 10 15 15 0 0 16 46 Участник
48323 10 10 12 0 0 24 46 Участник
104942 10 15 15 0 0 16 46 Участник
74929 10 15 15 0 15 0 45 Участник
74222 10 15 15 7 0 8 45 Участник
16274 10 15 5 0 0 24 44 Участник
92539 10 15 0 21 0 8 44 Участник
97009 10 5 15 0 0 24 44 Участник
35750 10 15 15 14 0 0 44 Участник
57593 10 15 15 7 7 0 44 Участник
70168 10 6 15 7 0 16 44 Участник
1393 10 17 5 21 0 0 43 Участник
46354 10 15 14 14 0 0 43 Участник
38143 10 17 10 14 0 0 41 Участник
92781 10 17 0 0 0 24 41 Участник
95782 10 5 5 0 7 24 41 Участник
105050 10 7 10 0 0 24 41 Участник
1400 10 17 15 0 0 8 40 Участник
78305 10 17 0 7 0 16 40 Участник
101560 10 15 0 7 0 18 40 Участник
97673 10 10 15 7 0 8 40 Участник
93870 10 17 15 7 0 0 39 Участник
92812 10 17 15 7 0 0 39 Участник
56789 10 0 0 0 23 16 39 Участник
29930 10 17 15 7 0 0 39 Участник
9719 10 15 15 0 0 8 38 Участник
39935 10 15 15 0 0 7 37 Участник
68942 10 15 15 7 0 0 37 Участник
70406 10 17 15 5 0 0 37 Участник
27385 10 17 10 7 0 0 34 Участник
34880 10 0 10 0 0 24 34 Участник
77925 10 5 12 0 0 16 33 Участник
19712 10 17 15 0 0 0 32 Участник
48113 10 17 15 0 0 0 32 Участник
24913 10 7 0 0 0 24 31 Участник
14125 10 0 15 0 0 16 31 Участник
82774 10 0 15 0 0 16 31 Участник
51130 10 7 0 0 0 24 31 Участник
38756 10 7 15 0 0 8 30 Участник
76180 10 15 15 0 0 0 30 Участник
10715 10 15 15 0 0 0 30 Участник
9726 10 7 15 0 0 8 30 Участник
41725 10 15 15 0 0 0 30 Участник
1404 10 15 15 0 0 0 30 Участник
78206 10 15 15 0 0 0 30 Участник
64756 10 15 15 0 0 0 30 Участник
40572 10 15 15 0 0 0 30 Участник
58101 10 15 15 0 0 0 30 Участник
92369 10 7 15 7 0 0 29 Участник
40071 10 7 15 7 0 0 29 Участник
99741 10 15 0 14 0 0 29 Участник
92409 10 0 5 7 0 16 28 Участник
60607 10 17 10 0 0 0 27 Участник
93004 10 10 10 7 0 0 27 Участник
98510 10 7 15 5 0 0 27 Участник
2228 10 7 10 0 0 8 25 Участник
73353 10 17 0 0 0 8 25 Участник
40009 10 15 0 10 0 0 25 Участник
17660 10 5 15 5 0 0 25 Участник
105600 10 0 0 0 0 24 24 Участник
48399 10 17 0 7 0 0 24 Участник
102371 10 0 0 0 0 24 24 Участник
100161 10 7 10 7 0 0 24 Участник
8212 10 17 0 7 0 0 24 Участник
60910 10 17 0 7 0 0 24 Участник
63891 10 7 0 0 0 16 23 Участник
16074 10 10 5 0 0 8 23 Участник
97675 10 0 15 0 0 8 23 Участник
18637 10 0 15 7 0 0 22 Участник
93090 10 15 0 7 0 0 22 Участник
105021 10 15 0 0 7 0 22 Участник
20519 10 15 5 0 0 0 20 Участник
58146 10 5 15 0 0 0 20 Участник
79891 10 15 5 0 0 0 20 Участник
104567 10 15 5 0 0 0 20 Участник
973 10 17 0 0 0 0 17 Участник
69775 10 0 10 7 0 0 17 Участник
61289 10 0 10 7 0 0 17 Участник
43795 10 17 0 0 0 0 17 Участник
75298 10 0 15 0 0 0 15 Участник
84290 10 15 0 0 0 0 15 Участник
64287 10 0 15 0 0 0 15 Участник
76785 10 15 0 0 0 0 15 Участник
49074 10 5 10 0 0 0 15 Участник
86649 10 15 0 0 0 0 15 Участник
40737 10 0 15 0 0 0 15 Участник
105824 10 0 0 7 0 8 15 Участник
93209 10 15 0 0 0 0 15 Участник
58049 10 15 0 0 0 0 15 Участник
93827 10 15 0 0 0 0 15 Участник
97581 10 5 10 0 0 0 15 Участник
40103 10 0 0 5 7 0 12 Участник
49915 10 0 12 0 0 0 12 Участник
6305 10 0 12 0 0 0 12 Участник
71221 10 0 5 7 0 0 12 Участник
98902 10 5 5 0 0 0 10 Участник
78416 10 5 5 0 0 0 10 Участник
32830 10 10 0 0 0 0 10 Участник
44836 10 10 0 0 0 0 10 Участник
35602 10 10 0 0 0 0 10 Участник
72911 10 0 0 10 0 0 10 Участник
61357 10 10 0 0 0 0 10 Участник
98506 10 10 0 0 0 0 10 Участник
40554 10 10 0 0 0 0 10 Участник
58974 10 0 0 0 0 8 8 Участник
70817 10 0 0 0 0 8 8 Участник
101595 10 0 0 0 0 8 8 Участник
7323 10 7 0 0 0 0 7 Участник
58520 10 0 0 7 0 0 7 Участник
58205 10 0 0 7 0 0 7 Участник
88631 10 0 0 7 0 0 7 Участник
89307 10 0 0 7 0 0 7 Участник
69012 10 0 0 7 0 0 7 Участник
101267 10 7 0 0 0 0 7 Участник
55732 10 7 0 0 0 0 7 Участник
106462 10 0 0 7 0 0 7 Участник
57767 10 5 0 0 0 0 5 Участник
32653 10 0 5 0 0 0 5 Участник
68000 10 5 0 0 0 0 5 Участник
58036 10 5 0 0 0 0 5 Участник
102872 10 5 0 0 0 0 5 Участник
102855 10 5 0 0 0 0 5 Участник
105858 10 5 0 0 0 0 5 Участник
1470 10 5 0 0 0 0 5 Участник
65136 10 0 0 1 0 0 1 Участник
103446 10 1 0 0 0 0 1 Участник
80884 10 0 0 1 0 0 1 Участник
104929 10 0 0 0 0 0 0 Участник
42252 10 0 0 0 0 0 0 Участник
41199 10 0 0 0 0 0 0 Участник
61474 10 0 0 0 0 0 0 Участник
34330 10 0 0 0 0 0 0 Участник
49664 10 0 0 0 0 0 0 Участник
44931 10 0 0 0 0 0 0 Участник
92777 10 0 0 0 0 0 0 Участник
58324 10 0 0 0 0 0 0 Участник
47127 10 0 0 0 0 0 0 Участник
60550 10 0 0 0 0 0 0 Участник
99170 10 0 0 0 0 0 0 Участник
93498 10 0 0 0 0 0 0 Участник
95127 10 0 0 0 0 0 0 Участник
935 10 0 0 0 0 0 0 Участник
87469 10 0 0 0 0 0 0 Участник
82912 10 0 0 0 0 0 0 Участник
76429 10 0 0 0 0 0 0 Участник
40136 10 0 0 0 0 0 0 Участник
32957 10 0 0 0 0 0 0 Участник
83971 10 0 0 0 0 0 0 Участник
104759 10 0 0 0 0 0 0 Участник
28181 10 0 0 0 0 0 0 Участник
102324 10 0 0 0 0 0 0 Участник
101530 10 0 0 0 0 0 0 Участник
55268 10 0 0 0 0 0 0 Участник
1449 10 0 0 0 0 0 0 Участник
39548 10 0 0 0 0 0 0 Участник
12464 10 0 0 0 0 0 0 Участник
Олешко Егор Сергеевич 11 17 15 21 23 24 100 Победитель
Потехин Данила Андреевич 11 17 15 21 23 24 100 Победитель
Савинова Полина Александровна 11 17 15 21 23 24 100 Победитель
Букин Данил Сергеевич 11 17 15 21 23 24 100 Победитель
Прилепин Александр Сергеевич 11 17 15 21 23 24 100 Победитель
Постиков Сергей Романович 11 17 15 14 23 24 93 Победитель
Ивасенко Илья Даниилович 11 17 15 21 15 24 92 Победитель
Чичерин Александр Петрович 11 17 15 21 15 24 92 Победитель
Никишкин Владислав Александрович 11 17 15 12 23 24 91 Победитель
Бакулев Александр Михайлович 11 15 15 14 23 24 91 Победитель
Селяев Виктор Николаевич 11 17 15 7 23 24 86 Победитель
Галиуллин Самир Айратович 11 10 15 14 23 24 86 Победитель
Кириллов Георгий Александрович 11 17 15 7 23 24 86 Победитель
Колодников Максим Константинович 11 17 15 5 23 24 84 Победитель
Савков Демьян Васильевич 11 17 15 21 7 24 84 Победитель
Казунин Никита Васильевич 11 15 15 14 15 24 83 Победитель
Балюк Иван Юрьевич 11 17 15 0 23 24 79 Призёр II степени
Асон Константин Александрович 11 17 15 0 23 24 79 Призёр II степени
Кадочников Арсений Михайлович 11 17 15 0 23 24 79 Призёр II степени
Байзигитов Динислам Алмасович 11 17 15 0 23 24 79 Призёр II степени
Куприянов Михаил Александрович 11 17 15 0 23 24 79 Призёр II степени
Колесник Анастасия Владимировна 11 17 15 0 23 24 79 Призёр II степени
Джиоев Владимир Давидович 11 17 15 0 23 24 79 Призёр II степени
Илларионов Артем Владиславович 11 17 15 0 23 24 79 Призёр II степени
Гурьянов Алексей Дмитриевич 11 17 15 0 23 24 79 Призёр II степени
Крылов Дмитрий Александрович 11 17 15 0 23 24 79 Призёр II степени
Климин Андрей Валентинович 11 17 15 0 23 24 79 Призёр II степени
Тимофеев Александр Алексеевич 11 17 15 0 23 24 79 Призёр II степени
Валиахметов Тимур Радикович 11 17 15 16 23 8 79 Призёр II степени
Фрайнд Алексей Алексеевич 11 17 15 0 22 24 78 Призёр II степени
Профе Дмитрий Александрович 11 17 15 7 15 24 78 Призёр II степени
Попов Тихон Дмитриевич 11 17 15 7 15 24 78 Призёр II степени
Шпаченко Матвей Александрович 11 10 15 14 15 24 78 Призёр II степени
Халиуллова Амира Алмазовна 11 10 15 21 23 8 77 Призёр II степени
Чуйко Алексей Игоревич 11 17 15 14 15 16 77 Призёр II степени
Петров Дмитрий Андреевич 11 10 15 21 23 8 77 Призёр II степени
Пискунов Данил Максимович 11 17 15 7 15 23 77 Призёр II степени
Трошин Антон Александрович 11 17 15 5 15 24 76 Призёр II степени
Щипунова Дарья Дмитриевна 11 17 5 7 23 24 76 Призёр II степени
Агафонов Михаил Александрович 11 17 15 21 23 0 76 Призёр II степени
Юнусова Камила Азатовна 11 15 15 14 23 8 75 Призёр II степени
Якимов Михаил Иванович 11 0 15 21 23 16 75 Призёр II степени
Хотиловский Андрей Сергеевич 11 17 0 7 23 24 71 Призёр II степени
Рагинский Арсений Антонович 11 17 15 0 15 24 71 Призёр II степени
Величко Дмитрий Иванович 11 0 10 14 23 24 71 Призёр II степени
Князьков Алексей Егорович 11 0 10 14 23 24 71 Призёр II степени
Громачков Глеб Юрьевич 11 17 15 0 23 16 71 Призёр II степени
Солдатов Егор Витальевич 11 17 15 0 23 16 71 Призёр II степени
Трифонов Матвей Олегович 11 17 15 0 15 24 71 Призёр II степени
Белоусов Андрей Павлович 11 17 15 7 15 16 70 Призёр II степени
Кравченко Егор Степанович 11 17 15 7 15 16 70 Призёр II степени
Королев Михаил Алексеевич 11 17 15 7 7 24 70 Призёр II степени
Смолева Наталия Сергеевна 11 17 15 14 0 24 70 Призёр II степени
Харитонова Лилия Геннадиевна 11 17 5 0 23 24 69 Призёр III степени
Мельников Александр Владимирович 11 0 15 7 23 24 69 Призёр III степени
Кузнеченко Анастасия Тимофеевна 11 17 12 0 23 16 68 Призёр III степени
Кондратьев Игорь Андреевич 11 17 5 21 23 0 66 Призёр III степени
Зайнуллин Тимур Вадимович 11 17 10 0 23 16 66 Призёр III степени
Таратушкин Александр Андреевич 11 17 5 5 15 24 66 Призёр III степени
Котельников Олег Владимирович 11 5 15 7 15 24 66 Призёр III степени
Александров Дмитрий Владимирович 11 7 15 21 23 0 66 Призёр III степени
Габов Ренат Евгеньевич 11 17 15 7 2 24 65 Призёр III степени
Минаков Павел Сергеевич 11 17 15 7 2 24 65 Призёр III степени
Светличный Максим Андреевич 11 17 10 7 7 24 65 Призёр III степени
Мочалин Александр Ильич 11 10 15 0 23 16 64 Призёр III степени
Петухов Кирилл Вадимович 11 17 10 14 23 0 64 Призёр III степени
Шакиров Михаил Зинурович 11 17 15 0 7 24 63 Призёр III степени
Кравченко Мария Алексеевна 11 5 15 21 22 0 63 Призёр III степени
Жеребятьев Даниил Ильич 11 17 15 7 0 24 63 Призёр III степени
Голуб Андрей Сергеевич 11 17 15 7 0 24 63 Призёр III степени
Пивцаев Владислав Иванович 11 17 15 0 23 8 63 Призёр III степени
Григорьев Владислав Сергеевич 11 17 15 0 23 8 63 Призёр III степени
Давыденко Тарас Николаевич 11 17 15 0 23 8 63 Призёр III степени
Мартынов Аким Станиславович 11 17 15 7 0 24 63 Призёр III степени
Некрасов Юрий Павлович 11 17 15 0 7 24 63 Призёр III степени
Третьяков Артём Витальевич 11 17 15 0 23 8 63 Призёр III степени
Муштриев Максим Игоревич 11 0 15 0 23 24 62 Призёр III степени
Капитанов Антон Петрович 11 10 15 14 23 0 62 Призёр III степени
Ахметов Руслан Ринатович 11 17 15 7 23 0 62 Призёр III степени
Дубинский Максим Александрович 11 17 15 7 23 0 62 Призёр III степени
Логинов Олег Алексеевич 11 0 15 0 23 24 62 Призёр III степени
Груздев Тимур Павлович 11 10 5 0 23 24 62 Призёр III степени
Тимофеев Сергей Михайлович 11 17 15 14 15 0 61 Призёр III степени
Ахметшин Эмиль Русланович 11 15 15 0 7 24 61 Призёр III степени
Лысаков Владимир Константинович 11 17 15 4 16 8 60 Призёр III степени
Тихомирова Дарья Евгеньевна 11 7 15 14 0 24 60 Призёр III степени
Волычев Кирилл Максимович 11 17 10 0 7 24 58 Призёр III степени
Юскин Никита Григорьевич 11 0 15 5 14 24 58 Призёр III степени
13399 11 17 15 7 2 16 57 Участник
3498 11 17 15 0 0 24 56 Участник
38198 11 15 15 0 2 24 56 Участник
38717 11 17 0 0 15 24 56 Участник
52626 11 0 10 7 23 16 56 Участник
1007 11 17 15 0 0 24 56 Участник
51732 11 17 15 0 0 24 56 Участник
5701 11 17 15 0 23 0 55 Участник
64112 11 17 15 0 23 0 55 Участник
93453 11 17 15 21 2 0 55 Участник
16358 11 17 15 21 2 0 55 Участник
13384 11 17 15 0 23 0 55 Участник
103533 11 17 15 0 23 0 55 Участник
52794 11 17 15 0 23 0 55 Участник
58532 11 17 15 0 23 0 55 Участник
74215 11 17 15 7 0 16 55 Участник
3548 11 17 15 0 23 0 55 Участник
105048 11 17 15 0 7 16 55 Участник
25269 11 0 15 0 23 16 54 Участник
80036 11 0 15 0 15 24 54 Участник
17997 11 17 15 7 15 0 54 Участник
69727 11 15 15 7 0 16 53 Участник
64148 11 17 5 0 7 24 53 Участник
32442 11 17 15 21 0 0 53 Участник
1027 11 17 5 0 7 24 53 Участник
1426 11 17 15 14 7 0 53 Участник
15122 11 10 15 21 7 0 53 Участник
84741 11 0 15 7 7 24 53 Участник
23437 11 0 15 14 0 23 52 Участник
58993 11 17 10 7 2 16 52 Участник
99213 11 0 0 5 23 24 52 Участник
68988 11 10 10 0 7 24 51 Участник
78054 11 10 15 0 2 24 51 Участник
94096 11 0 15 21 15 0 51 Участник
23582 11 17 10 0 0 24 51 Участник
101094 11 10 10 0 7 24 51 Участник
5986 11 17 15 0 2 16 50 Участник
7281 11 17 10 7 0 16 50 Участник
3511 11 17 15 0 2 16 50 Участник
102970 11 10 0 0 15 24 49 Участник
37970 11 17 10 7 7 8 49 Участник
103227 11 17 15 0 0 16 48 Участник
51555 11 0 15 7 2 24 48 Участник
17392 11 10 15 0 23 0 48 Участник
95728 11 10 15 0 23 0 48 Участник
89354 11 17 0 7 0 24 48 Участник
3598 11 17 15 7 0 8 47 Участник
37716 11 17 15 0 15 0 47 Участник
74539 11 17 0 7 7 16 47 Участник
3536 11 17 0 7 7 16 47 Участник
9874 11 17 15 0 15 0 47 Участник
58474 11 0 15 7 0 24 46 Участник
41421 11 17 5 0 0 24 46 Участник
29807 11 17 15 14 0 0 46 Участник
61181 11 17 15 7 7 0 46 Участник
63648 11 0 15 0 7 24 46 Участник
60582 11 10 15 14 7 0 46 Участник
99326 11 0 15 0 23 8 46 Участник
102210 11 0 15 0 7 24 46 Участник
59975 11 0 15 7 7 16 45 Участник
8660 11 0 15 7 23 0 45 Участник
65932 11 0 15 5 23 0 43 Участник
66529 11 10 15 16 2 0 43 Участник
45845 11 17 10 0 15 0 42 Участник
3301 11 17 15 0 2 8 42 Участник
61679 11 17 15 7 2 0 41 Участник
58955 11 0 15 0 2 24 41 Участник
78205 11 17 10 7 7 0 41 Участник
93124 11 17 15 7 2 0 41 Участник
35490 11 17 15 7 2 0 41 Участник
37276 11 10 10 21 0 0 41 Участник
38432 11 17 15 7 2 0 41 Участник
75558 11 17 0 0 0 24 41 Участник
102259 11 15 10 0 0 16 41 Участник
80740 11 17 10 7 7 0 41 Участник
88087 11 7 15 0 2 16 40 Участник
59134 11 17 0 21 2 0 40 Участник
3547 11 0 17 0 23 0 40 Участник
52101 11 17 15 5 2 0 39 Участник
105829 11 17 15 7 0 0 39 Участник
3540 11 0 15 14 2 8 39 Участник
63583 11 17 15 7 0 0 39 Участник
75335 11 17 15 0 7 0 39 Участник
1556 11 17 15 7 0 0 39 Участник
71841 11 17 15 7 0 0 39 Участник
22194 11 17 15 0 7 0 39 Участник
78483 11 17 15 7 0 0 39 Участник
103454 11 17 15 0 7 0 39 Участник
76066 11 17 0 21 0 0 38 Участник
96340 11 0 0 7 7 24 38 Участник
38118 11 0 15 21 2 0 38 Участник
95979 11 0 10 21 7 0 38 Участник
58711 11 10 5 0 23 0 38 Участник
15841 11 0 15 0 23 0 38 Участник
91661 11 5 10 14 0 8 37 Участник
59866 11 17 15 5 0 0 37 Участник
98468 11 15 15 7 0 0 37 Участник
63306 11 7 0 7 23 0 37 Участник
81748 11 7 15 0 15 0 37 Участник
44900 11 5 10 7 15 0 37 Участник
19758 11 0 15 21 0 0 36 Участник
18945 11 5 15 0 15 0 35 Участник
78625 11 17 15 0 2 0 34 Участник
101480 11 17 10 0 7 0 34 Участник
48848 11 17 15 0 2 0 34 Участник
63543 11 17 15 0 2 0 34 Участник
3571 11 17 15 0 2 0 34 Участник
72690 11 17 0 0 0 16 33 Участник
22443 11 0 10 0 7 16 33 Участник
77374 11 0 10 7 16 0 33 Участник
71082 11 0 10 0 23 0 33 Участник
104261 11 17 15 0 0 0 32 Участник
69084 11 10 15 7 0 0 32 Участник
59235 11 17 15 0 0 0 32 Участник
58297 11 10 15 7 0 0 32 Участник
102266 11 17 0 0 15 0 32 Участник
91976 11 5 15 10 2 0 32 Участник
87002 11 17 15 0 0 0 32 Участник
62359 11 17 15 0 0 0 32 Участник
53108 11 10 15 7 0 0 32 Участник
73907 11 15 10 7 0 0 32 Участник
94192 11 17 15 0 0 0 32 Участник
3592 11 17 10 5 0 0 32 Участник
3581 11 17 15 0 0 0 32 Участник
92105 11 17 0 12 2 0 31 Участник
10565 11 15 15 0 0 0 30 Участник
93966 11 0 0 7 23 0 30 Участник
48719 11 0 15 7 0 8 30 Участник
100964 11 0 15 7 7 0 29 Участник
100409 11 17 5 7 0 0 29 Участник
40380 11 0 15 14 0 0 29 Участник
104421 11 0 15 7 7 0 29 Участник
43994 11 0 15 7 7 0 29 Участник
9336 11 0 15 7 7 0 29 Участник
104662 11 7 0 21 0 0 28 Участник
93334 11 0 15 12 0 0 27 Участник
58693 11 17 10 0 0 0 27 Участник
92327 11 10 15 0 2 0 27 Участник
50845 11 10 10 7 0 0 27 Участник
20443 11 10 10 7 0 0 27 Участник
3513 11 17 10 0 0 0 27 Участник
45521 11 15 5 7 0 0 27 Участник
3463 11 17 10 0 0 0 27 Участник
98836 11 10 10 7 0 0 27 Участник
53102 11 0 5 21 0 0 26 Участник
79457 11 17 0 7 2 0 26 Участник
38935 11 10 15 0 0 0 25 Участник
102352 11 0 15 7 2 0 24 Участник
102353 11 0 15 7 2 0 24 Участник
73411 11 0 0 0 0 24 24 Участник
65241 11 17 0 7 0 0 24 Участник
90114 11 17 0 7 0 0 24 Участник
9831 11 17 0 0 7 0 24 Участник
94215 11 10 5 7 2 0 24 Участник
100031 11 0 0 0 23 0 23 Участник
15447 11 0 0 0 23 0 23 Участник
11650 11 10 5 0 0 8 23 Участник
58187 11 0 15 7 0 0 22 Участник
102779 11 0 15 0 7 0 22 Участник
42692 11 17 5 0 0 0 22 Участник
72869 11 0 15 7 0 0 22 Участник
78323 11 0 15 7 0 0 22 Участник
86798 11 10 12 0 0 0 22 Участник
101623 11 5 10 7 0 0 22 Участник
7714 11 10 0 5 7 0 22 Участник
92879 11 0 15 7 0 0 22 Участник
61185 11 0 15 7 0 0 22 Участник
75212 11 0 15 7 0 0 22 Участник
59181 11 10 10 0 0 0 20 Участник
62230 11 10 10 0 0 0 20 Участник
63584 11 0 15 5 0 0 20 Участник
102819 11 0 10 7 2 0 19 Участник
14071 11 17 0 0 2 0 19 Участник
7573 11 0 5 7 7 0 19 Участник
98140 11 10 0 7 2 0 19 Участник
92048 11 17 0 0 2 0 19 Участник
93865 11 0 10 0 7 0 17 Участник
77369 11 0 0 7 2 8 17 Участник
8397 11 0 15 0 2 0 17 Участник
71626 11 10 0 7 0 0 17 Участник
12107 11 17 0 0 0 0 17 Участник
80145 11 17 0 0 0 0 17 Участник
53900 11 10 0 7 0 0 17 Участник
59585 11 0 10 7 0 0 17 Участник
20809 11 0 15 0 2 0 17 Участник
105334 11 10 0 0 7 0 17 Участник
60126 11 0 15 0 0 0 15 Участник
102762 11 10 5 0 0 0 15 Участник
101475 11 0 15 0 0 0 15 Участник
61161 11 0 0 7 7 0 14 Участник
6430 11 0 0 14 0 0 14 Участник
102714 11 0 0 7 7 0 14 Участник
86078 11 0 7 7 0 0 14 Участник
94124 11 7 0 7 0 0 14 Участник
60801 11 0 0 14 0 0 14 Участник
37550 11 0 0 14 0 0 14 Участник
66498 11 7 5 0 0 0 12 Участник
95765 11 0 5 7 0 0 12 Участник
73156 11 0 12 0 0 0 12 Участник
38394 11 10 0 0 2 0 12 Участник
104780 11 0 12 0 0 0 12 Участник
8725 11 0 10 0 2 0 12 Участник
49644 11 0 10 0 2 0 12 Участник
7701 11 10 0 0 0 0 10 Участник
70907 11 10 0 0 0 0 10 Участник
2978 11 5 5 0 0 0 10 Участник
100894 11 0 10 0 0 0 10 Участник
89515 11 10 0 0 0 0 10 Участник
39093 11 0 0 7 2 0 9 Участник
101937 11 0 0 7 2 0 9 Участник
66958 11 0 0 7 0 0 7 Участник
27116 11 7 0 0 0 0 7 Участник
60799 11 0 0 7 0 0 7 Участник
101666 11 0 0 7 0 0 7 Участник
86001 11 0 0 7 0 0 7 Участник
17117 11 0 0 0 7 0 7 Участник
58302 11 0 0 0 7 0 7 Участник
89625 11 0 0 7 0 0 7 Участник
106072 11 0 0 7 0 0 7 Участник
62218 11 0 0 7 0 0 7 Участник
102255 11 0 0 7 0 0 7 Участник
99854 11 0 0 7 0 0 7 Участник
90583 11 0 0 7 0 0 7 Участник
97492 11 0 0 0 7 0 7 Участник
66566 11 0 0 0 7 0 7 Участник
59558 11 0 0 7 0 0 7 Участник
58762 11 0 5 0 0 0 5 Участник
48592 11 0 0 5 0 0 5 Участник
100646 11 0 5 0 0 0 5 Участник
37745 11 0 0 5 0 0 5 Участник
48382 11 0 5 0 0 0 5 Участник
37277 11 5 0 0 0 0 5 Участник
58246 11 0 5 0 0 0 5 Участник
58471 11 0 5 0 0 0 5 Участник
105942 11 0 5 0 0 0 5 Участник
9833 11 0 0 0 2 0 2 Участник
101711 11 0 0 0 2 0 2 Участник
67855 11 0 0 0 2 0 2 Участник
29285 11 0 0 0 2 0 2 Участник
15070 11 0 0 0 2 0 2 Участник
93098 11 0 0 0 0 0 0 Участник
65243 11 0 0 0 0 0 0 Участник
21350 11 0 0 0 0 0 0 Участник
993 11 0 0 0 0 0 0 Участник
58801 11 0 0 0 0 0 0 Участник
97364 11 0 0 0 0 0 0 Участник
87785 11 0 0 0 0 0 0 Участник
67959 11 0 0 0 0 0 0 Участник
87005 11 0 0 0 0 0 0 Участник
78080 11 0 0 0 0 0 0 Участник
42540 11 0 0 0 0 0 0 Участник
60538 11 0 0 0 0 0 0 Участник
3537 11 0 0 0 0 0 0 Участник
61702 11 0 0 0 0 0 0 Участник
101354 11 0 0 0 0 0 0 Участник
91929 11 0 0 0 0 0 0 Участник
95268 11 0 0 0 0 0 0 Участник
101045 11 0 0 0 0 0 0 Участник
3475 11 0 0 0 0 0 0 Участник
93021 11 0 0 0 0 0 0 Участник
20923 11 0 0 0 0 0 0 Участник
85084 11 0 0 0 0 0 0 Участник
5692 11 0 0 0 0 0 0 Участник
105529 11 0 0 0 0 0 0 Участник
105321 11 0 0 0 0 0 0 Участник
ID участника Класс
участия
12783 11
33338 9
51073 11
59880 11
73402 10
74175 9
76943 9
93415 11
103373 10
Работа аннулирована (пункт 3.10 Регламента проведения Олимпиады)
Работа аннулирована (пункт 3.13 Регламента проведения Олимпиады)
Работа аннулирована (пункт 3.10 Регламента проведения Олимпиады)
Работа аннулирована (пункт 3.10 Регламента проведения Олимпиады)
Работа аннулирована (пункт 3.10 Регламента проведения Олимпиады)
Работа аннулирована (пункт 3.10 Регламента проведения Олимпиады)
Работа аннулирована (пункт 3.13 Регламента проведения Олимпиады)
Статус
Работа аннулирована (пункт 3.10 Регламента проведения Олимпиады)
Работа аннулирована (пункт 3.10 Регламента проведения Олимпиады)